I
1130 Generated by WorldEditor 2.1.0r1

1    605 0 0 PGRO Rota Intl
1302 city Rota Island
1302 country Northern Mariana Islands
1302 datum_lat 14.174355556
1302 datum_lon 145.241125
1302 faa_code 
1302 gui_label 3D
1302 iata_code ROP
1302 icao_code PGRO
1302 region_code PG
1302 state (unassigned)
1302 transition_alt 18000
1302 transition_level 18000
100 45.72 1 1 0.25 0 2 0 09  14.17465135  145.23122380    0   61 2 0 0 1 27  14.17404703  145.25101777    0   61 2 0 0 0
110 1 0.25 2.0000 A
111  14.17403557  145.24476420
111  14.17406898  145.24368572 53 102
112  14.17363329  145.24408017  14.17330911  145.24408813
111  14.17363329  145.24408017 53 102
111  14.17358373  145.24407596 53 102
111  14.17336316  145.24405720
112  14.17336316  145.24405720  14.17299268  145.24402535 53 102
111  14.17293745  145.24359534 53 102
111  14.17210952  145.24357109
111  14.17175618  145.24356074
111  14.17170334  145.24451634
111  14.17190568  145.24452163
111  14.17190466  145.24464207
111  14.17290180  145.24466985 53 102
112  14.17332565  145.24433691  14.17356749  145.24432364
111  14.17332565  145.24433691 53 102
111  14.17357505  145.24434381 53 102
111  14.17361366  145.24434488
114  14.17361366  145.24434488  14.17398157  145.24441122 53 102
110 2 0.25 92.0000 B
111  14.17397859  145.24663117 53 102
111  14.17390560  145.24679684
111  14.17388655  145.24753872 53 102
113  14.17394576  145.24770713
110 1 0.25 92.0000 Pad
111  14.17387990  145.24990661
111  14.17359111  145.25029735
111  14.17357195  145.25099889
113  14.17384594  145.25100704
110 1 0.25 92.0000 Pad
111  14.17481923  145.23236533 53
111  14.17512221  145.23193717 53
111  14.17513889  145.23124062 53
113  14.17485558  145.23123517
110 2 0.25 0.0000 concrete_5D.pol
111  14.17290180  145.24466985
111  14.17190466  145.24464207
111  14.17190535  145.24466717
111  14.17183411  145.24720516
111  14.17283642  145.24725073
111  14.17348610  145.24728027
111  14.17357113  145.24728413
112  14.17357113  145.24728413  14.17378999  145.24732203
111  14.17388655  145.24753872
111  14.17390560  145.24679684
112  14.17355168  145.24702678  14.17336477  145.24702678
111  14.17355168  145.24702678
111  14.17349452  145.24702674
111  14.17334968  145.24702666
112  14.17301412  145.24689632  14.17286236  145.24676286
113  14.17283905  145.24651701
110 1 0.25 0.0000 asphalt_3D.pol
111  14.17404315  145.24327192
112  14.17397563  145.24331146  14.17393241  145.24330993
111  14.17397563  145.24331146
111  14.17222221  145.24325551
112  14.17222221  145.24325551  14.17212073  145.24324313
111  14.17212451  145.24306487
111  14.17178208  145.24305695
111  14.17177200  145.24334674
111  14.17160036  145.24342436
111  14.17010949  145.24339471
111  14.17011183  145.24345502
111  14.17076290  145.24346025
112  14.17088555  145.24359280  14.17088555  145.24370251
111  14.17088555  145.24359280
111  14.17085008  145.24445559
112  14.17099126  145.24458629  14.17113887  145.24458992
111  14.17099126  145.24458629
111  14.17162990  145.24460238
111  14.17162705  145.24465630
111  14.17190535  145.24466717
111  14.17190466  145.24464207
111  14.17190568  145.24452163
111  14.17170334  145.24451634
111  14.17175618  145.24356074
111  14.17210952  145.24357109
111  14.17211510  145.24341285
112  14.17211510  145.24341285  14.17212165  145.24333520
111  14.17222384  145.24332313
111  14.17397288  145.24337252
112  14.17397288  145.24337252  14.17401685  145.24337406
113  14.17403977  145.24341763
111  14.17100125  145.24451244
112  14.17089581  145.24442907  14.17089311  145.24433793
111  14.17089581  145.24442907
111  14.17093623  145.24357905
112  14.17101004  145.24349568  14.17106356  145.24349847
112  14.17107573  145.24359536  14.17107573  145.24361353
111  14.17107573  145.24359536
111  14.17107130  145.24379170
111  14.17115067  145.24379538
111  14.17115062  145.24356001
112  14.17115062  145.24356001  14.17115536  145.24348454
111  14.17126363  145.24348244
111  14.17138434  145.24349024
112  14.17154600  145.24371317  14.17154465  145.24390393
111  14.17154600  145.24371317
111  14.17154419  145.24381241
113  14.17153104  145.24453432
130 Airport Boundary
111  14.17592568  145.22786956
111  14.17381398  145.22777516
111  14.17330891  145.23952548
111  14.17135863  145.23943989
111  14.17110402  145.24330899
111  14.17077337  145.24331253
111  14.17070724  145.24589105
111  14.17173699  145.24593002
111  14.17168975  145.24779856
111  14.17314463  145.24780830
111  14.17284390  145.25627919
111  14.17492281  145.25632055
111  14.17525615  145.24464850
111  14.17553279  145.24440598
111  14.17553279  145.24410641
113  14.17529765  145.24373550
120 RH
111  14.17358373  145.24407596 54
111  14.17357505  145.24434381
111  14.17349452  145.24702675 54
115  14.17348610  145.24728027
120 TL
111  14.17408259  145.24954379 51
111  14.17407398  145.24982656 51
112  14.17401023  145.24996390  14.17395661  145.25001393
111  14.17401023  145.24996390 51
111  14.17372532  145.25029091
112  14.17372532  145.25029091  14.17364886  145.25038380 51
111  14.17365029  145.25049653 51
111  14.17364714  145.25069212
112  14.17364714  145.25069212  14.17365394  145.25087613 51
115  14.17384395  145.25088872
120 TL
111  14.17461235  145.23280582 51
111  14.17462096  145.23252304 51
112  14.17468914  145.23235365  14.17474861  145.23227154
111  14.17468914  145.23235365 51
111  14.17500520  145.23189926
112  14.17500520  145.23189926  14.17505154  145.23182829 51
111  14.17506267  145.23174403 51
111  14.17506681  145.23158058
112  14.17506681  145.23158058  14.17506540  145.23136912 51
115  14.17485588  145.23131357
120 TL
111  14.17378305  145.24716345 51
111  14.17349843  145.24715179
111  14.17348144  145.24715109 51 59
111  14.17328450  145.24714303 51 59
112  14.17307643  145.24707078  14.17298638  145.24701821
111  14.17307643  145.24707078
112  14.17307643  145.24707078  14.17276718  145.24689553 51
111  14.17274390  145.24649949 51
111  14.17276286  145.24605990 51
112  14.17260255  145.24575960  14.17243433  145.24561887
111  14.17260255  145.24575960 51
111  14.17247280  145.24564268
112  14.17247280  145.24564268  14.17232888  145.24552123 51
111  14.17232146  145.24528240 51
115  14.17232383  145.24467137
120 TL
111  14.17387309  145.24422244 51
111  14.17358447  145.24421062
111  14.17357149  145.24421009 51 59
111  14.17325421  145.24419709 51
115  14.17261666  145.24417098
120 TL
111  14.17207047  145.24666860 51
112  14.17206532  145.24691959  14.17214467  145.24708421
111  14.17206532  145.24691959 51
111  14.17203746  145.24697090
112  14.17203746  145.24697090  14.17213666  145.24713738 51
115  14.17234244  145.24701447
120 TL
111  14.17238573  145.24670238 51
112  14.17241383  145.24660377  14.17245053  145.24656797
111  14.17241383  145.24660377 51
111  14.17238484  145.24655792
112  14.17238484  145.24655792  14.17257231  145.24642594 51
111  14.17266126  145.24660178 51
115  14.17272118  145.24675130
120 TL
111  14.17194576  145.24615310 51
112  14.17197387  145.24605449  14.17201057  145.24601868
111  14.17197387  145.24605449 51
111  14.17194487  145.24600863
112  14.17194487  145.24600863  14.17213235  145.24587666 51
111  14.17222129  145.24605249 51
115  14.17228121  145.24620202
120 TL
111  14.17256133  145.24389027 51
112  14.17258193  145.24377549  14.17262372  145.24371083
111  14.17258193  145.24377549 51
111  14.17256104  145.24373479 51
112  14.17280940  145.24375394  14.17293195  145.24391853
111  14.17280940  145.24375394 51
115  14.17291733  145.24390955
120 TL
111  14.17207969  145.24391382 51
112  14.17210030  145.24379903  14.17214209  145.24373437
111  14.17210030  145.24379903 51
111  14.17207941  145.24375833 51
112  14.17232777  145.24377749  14.17245032  145.24394207
111  14.17232777  145.24377749 51
115  14.17243570  145.24393309
120 TL
111  14.17239871  145.24612043 51
112  14.17242682  145.24602182  14.17246352  145.24598602
111  14.17242682  145.24602182 51
111  14.17239782  145.24597597
112  14.17239782  145.24597597  14.17258530  145.24584399 51
111  14.17267424  145.24601983 51
115  14.17273416  145.24616936
120 TL
111  14.17418377  145.24622021 51
111  14.17416654  145.24678576 51
112  14.17378305  145.24716345  14.17343295  145.24719050
111  14.17378305  145.24716345
112  14.17378305  145.24716345  14.17412884  145.24726865 51
111  14.17414376  145.24753577 51
115  14.17412653  145.24810131
120 TL
111  14.17427277  145.24328240 51
111  14.17425554  145.24384794 51
112  14.17387309  145.24422244  14.17352300  145.24424950
111  14.17387309  145.24422244
112  14.17387309  145.24422244  14.17421889  145.24432764 51
111  14.17423369  145.24459545 51
115  14.17421645  145.24516099
120 TB
111  14.17390560  145.24679684 53 102
112  14.17355168  145.24702678  14.17333733  145.24703045
111  14.17355168  145.24702678 53 102
111  14.17334968  145.24702666 53 102
112  14.17301209  145.24689922  14.17285606  145.24676553 53 102
111  14.17283905  145.24651701 53 102
115  14.17290180  145.24466985
120 TB
111  14.17283643  145.24725073 53 102
111  14.17357114  145.24728413
112  14.17357114  145.24728413  14.17381083  145.24732715 53 102
115  14.17388655  145.24753872
120 WS Circle
112  14.17532492  145.24426436  14.17533214  145.24418065 21 106
112  14.17519233  145.24411772  14.17512740  145.24411307 21 106
112  14.17505015  145.24426229  14.17505195  145.24435808 21 106
114  14.17518274  145.24439947  14.17524767  145.24439947 21 106
21  14.17503081  145.23321382 2 91.8000 3.00 09  PAPI
21  14.17367564  145.24927596 2 271.8100 3.00 27  PAPI
20  14.17454759  145.24818924 271.8000 0 4 {@B}6{@@,@B}1
20  14.17463429  145.24536713 271.8000 0 4 {@B}5{@@,@B}2
20  14.17472046  145.24254434 271.8000 0 4 {@B}4{@@,@B}3
20  14.17480667  145.23971405 271.8000 0 4 {@B}3{@@,@B}4
20  14.17489236  145.23688966 271.8000 0 4 {@B}2{@@,@B}5
20  14.17497846  145.23406533 271.8000 0 4 {@B}1{@@,@B}6
20  14.17387507  145.24482765 272.0000 0 3 {@Y,^l}A
20  14.17391563  145.24358601 92.0000 0 3 {@Y}A{^r}
20  14.17382340  145.24652262 92.0000 0 3 {@Y}B{^r}
20  14.17377825  145.24778622 272.0000 0 3 {@Y,^l}B
20  14.17348742  145.24684970 2.0000 0 3 {@L}B{@R}09-27{@@,safety}
20  14.17355840  145.24391297 2.0000 0 3 {@L}A{@R}09-27{@@,safety}
1300  14.17224708  145.24396021 194.32 gate heavy|jets|turboprops|props Terminal
1301 E none 
18  14.17178402  145.24035853 1 BCN
19  14.17518632  145.24425525 1 WS
1051 123600 CTAF
1055 118700 GUAM CNTR
1055 120500 GUAM CNTR
99
