I
1130 Generated by WorldEditor 2.1.0r1

1    297 1 0 PGUM Guam Intl
1302 city Agana
1302 country United States
1302 datum_lat 13.483952778
1302 datum_lon 144.797133333
1302 faa_code GUM
1302 gui_label 3D
1302 iata_code GUM
1302 icao_code PGUM
1302 region_code PG
1302 state Guam
1302 transition_alt 18000
1302 transition_level 18000
1302 flatten 1
100 45.72 1 1 0.25 0 3 0 06L  13.47773580  144.78141991  305  122 3 8 0 0 24R  13.49176120  144.81208899    0  122 3 0 0 0
100 45.72 1 1 0.25 0 2 0 06R  13.47716100  144.78481700    0  122 3 0 0 0 24L  13.48883900  144.81035800  306  122 3 0 0 0
110 1 0.25 155.0000 A
111  13.47860802  144.78381391
111  13.47852499  144.78385212
112  13.47849385  144.78405704  13.47842413  144.78411530
111  13.47849385  144.78405704
111  13.47731502  144.78467276
111  13.47767774  144.78545533
111  13.47776214  144.78540182
112  13.47781507  144.78511366  13.47794769  144.78503315
111  13.47781507  144.78511366
111  13.47872427  144.78465899
112  13.47872427  144.78465899  13.47887741  144.78462912
111  13.47894181  144.78478429
113  13.47903377  144.78474587
111  13.47751492  144.78500246
111  13.47737828  144.78469705
111  13.47800180  144.78437219
113  13.47814944  144.78468487
110 1 0.25 155.0000 A
111  13.47929648  144.78276110
111  13.47952124  144.78341717
112  13.47947020  144.78359212  13.47938871  144.78365291
111  13.47947020  144.78359212
111  13.47925698  144.78372005
112  13.47925698  144.78372005  13.47914992  144.78376112
111  13.47910228  144.78367522
111  13.47900712  144.78371845
111  13.47937606  144.78451824
111  13.47946169  144.78446470
112  13.47947658  144.78429631  13.47955314  144.78425038
111  13.47947658  144.78429631
111  13.47969137  144.78418040
112  13.47969137  144.78418040  13.47981685  144.78412136
111  13.47989128  144.78423070
113  13.48022209  144.78478591
110 1 0.25 155.0000 B
111  13.47938918  144.78551705 53 102
112  13.47926364  144.78582917  13.47911046  144.78593508
111  13.47926364  144.78582917 53 102
111  13.47897338  144.78597320 53 102
111  13.47863176  144.78614271 53 102
111  13.47850048  144.78620786
111  13.47846069  144.78612670
111  13.47831366  144.78619572
112  13.47831366  144.78619572  13.47819414  144.78623910
111  13.47807897  144.78610642
111  13.47798904  144.78614469
111  13.47832087  144.78686816
111  13.47839549  144.78683411
112  13.47847269  144.78656420  13.47858869  144.78648829
111  13.47847269  144.78656420
111  13.47862966  144.78648733
111  13.47859614  144.78639878 53 102
111  13.47872025  144.78633676 53 102
111  13.47906216  144.78616589 53 102
111  13.47934518  144.78602445
112  13.47934518  144.78602445  13.47953005  144.78595384 53 102
113  13.47964987  144.78608789
110 1 0.25 155.0000 C
111  13.48314780  144.79118608
111  13.48227867  144.78928480
111  13.48249308  144.78993160
112  13.48244778  144.79010916  13.48236703  144.79016415
111  13.48244778  144.79010916
111  13.48220152  144.79023433
112  13.48220152  144.79023433  13.48211312  144.79026799
111  13.48205433  144.79015864
111  13.48197183  144.79019133
111  13.48231758  144.79095330
111  13.48239117  144.79091255
112  13.48244212  144.79072917  13.48254798  144.79067642
111  13.48244212  144.79072917
111  13.48266250  144.79062238
112  13.48266250  144.79062238  13.48276128  144.79058056
113  13.48283275  144.79067095
110 1 0.25 155.0000 D
111  13.48546609  144.79625749
111  13.48461288  144.79439103
111  13.48481025  144.79498327
112  13.48474837  144.79517440  13.48466369  144.79522370
111  13.48474837  144.79517440
111  13.48457004  144.79526692
112  13.48457004  144.79526692  13.48444701  144.79532608
111  13.48436111  144.79521409
111  13.48427891  144.79524227
111  13.48462827  144.79602418
111  13.48472303  144.79597675
112  13.48474814  144.79578468  13.48483443  144.79572552
111  13.48474814  144.79578468
111  13.48497260  144.79567033
112  13.48497260  144.79567033  13.48507966  144.79564404
113  13.48513130  144.79571659
110 1 0.25 155.0000 D
111  13.48249812  144.79697516
111  13.48225185  144.79642901 53 102
112  13.48210749  144.79672009  13.48194315  144.79680359
111  13.48210749  144.79672009 53 102
111  13.48187890  144.79682871 54
111  13.48196119  144.79701538 53 102
111  13.48218958  144.79691512
114  13.48218958  144.79691512  13.48237181  144.79683228 53 102
110 1 0.25 155.0000 D
111  13.48394933  144.79549273 53 102
112  13.48382806  144.79581987  13.48368412  144.79592172
111  13.48382806  144.79581987 53 102
111  13.48353348  144.79597180 53 102
111  13.48319386  144.79614696 53 102
111  13.48307015  144.79621077
111  13.48303367  144.79612808
111  13.48287725  144.79620669
112  13.48287725  144.79620669  13.48276633  144.79624200
111  13.48266049  144.79610955
111  13.48256471  144.79614886
111  13.48290365  144.79688874
111  13.48298536  144.79684376
112  13.48304712  144.79656591  13.48315538  144.79651223
111  13.48304712  144.79656591
111  13.48318746  144.79648917
111  13.48315387  144.79640728 53 102
111  13.48328128  144.79634049 53 102
111  13.48362093  144.79616244 53 102
111  13.48389116  144.79602079
112  13.48389116  144.79602079  13.48407471  144.79596376 53 102
113  13.48421790  144.79608036
110 1 0.25 155.0000 E
111  13.48777682  144.80131924
111  13.48690462  144.79940076
111  13.48710623  144.80000965
112  13.48704435  144.80020078  13.48695967  144.80025007
111  13.48704435  144.80020078
111  13.48686602  144.80029330
112  13.48686602  144.80029330  13.48674299  144.80035245
111  13.48665709  144.80024047
111  13.48657489  144.80026865
111  13.48693151  144.80104459
111  13.48701901  144.80100313
112  13.48704412  144.80081106  13.48713041  144.80075190
111  13.48704412  144.80081106
111  13.48726858  144.80069670
112  13.48726858  144.80069670  13.48737563  144.80067041
113  13.48742728  144.80074296
110 1 0.25 155.0000 E
111  13.48623688  144.80049890 53 102
112  13.48611164  144.80082910  13.48596770  144.80093095
111  13.48611164  144.80082910 53 102
111  13.48581706  144.80098104 53 102
111  13.48547744  144.80115620 53 102
111  13.48535373  144.80122000
111  13.48531725  144.80113732
111  13.48516084  144.80121592
112  13.48516084  144.80121592  13.48504991  144.80125123
111  13.48494407  144.80111878
111  13.48485119  144.80115660
111  13.48519014  144.80189647
111  13.48526894  144.80185299
112  13.48533070  144.80157514  13.48543896  144.80152146
111  13.48533070  144.80157514
111  13.48547104  144.80149840
111  13.48543745  144.80141651 53 102
111  13.48556486  144.80134972 53 102
111  13.48590452  144.80117167 53 102
111  13.48617474  144.80103002
112  13.48617474  144.80103002  13.48635829  144.80097299 53 102
113  13.48650545  144.80108654
110 1 0.25 35.0000 F
111  13.48739089  144.80181982
111  13.48729736  144.80186240
111  13.48784360  144.80304128
111  13.48792941  144.80301206
111  13.48931489  144.80403785
111  13.48945694  144.80414303
111  13.48962271  144.80392141
111  13.48856529  144.80303716
111  13.48833205  144.80252898
112  13.48820319  144.80258472  13.48810259  144.80250773
113  13.48820319  144.80258472
110 1 0.25 155.0000 G
111  13.48800650  144.80491147
111  13.48813417  144.80485451
111  13.48807197  144.80471770
111  13.48815086  144.80468151
111  13.48775740  144.80381406 53 102
112  13.48764135  144.80417792  13.48748397  144.80426977
111  13.48764135  144.80417792 53 102
111  13.48734246  144.80432575 53 102
111  13.48700230  144.80449401 53 102
111  13.48674244  144.80462254
112  13.48674244  144.80462254  13.48658081  144.80469471 53 102
111  13.48639304  144.80453596
111  13.48675475  144.80531774 53 102
112  13.48690337  144.80500311  13.48706925  144.80489814
111  13.48690337  144.80500311 53 102
111  13.48717125  144.80486984 53 102
111  13.48751394  144.80469934 53 102
113  13.48784232  144.80453596
110 1 0.25 155.0000 G
111  13.48931489  144.80403785
111  13.48792941  144.80301206
111  13.48821061  144.80360701
111  13.48812519  144.80364262
111  13.48861891  144.80473054
111  13.48870424  144.80468503
112  13.48880186  144.80419906  13.48906673  144.80398831
111  13.48880186  144.80419906
111  13.48909162  144.80404357
114  13.48909162  144.80404357  13.48921149  144.80398989
110 1 0.25 35.0000 J
111  13.49044982  144.80857513
111  13.49038576  144.80859680
111  13.49112949  144.81022449
111  13.49120748  144.81017696
112  13.49142374  144.80987927  13.49179804  144.80989677
111  13.49142374  144.80987927
111  13.49214324  144.81019202
111  13.49222774  144.81022875
111  13.49240180  144.80981108
111  13.49220021  144.80971941
111  13.49118337  144.80925703
114  13.49118337  144.80925703  13.49061166  144.80896987
110 1 0.25 155.0000 J
111  13.49013497  144.80901643 53 102
112  13.49000981  144.80934400  13.48986324  144.80942005
111  13.49000981  144.80934400 53 102
111  13.48969919  144.80949651 53 102
111  13.48935699  144.80966452 53 102
111  13.48907372  144.80980359
112  13.48907372  144.80980359  13.48891684  144.80986783 53 102
111  13.48876309  144.80971031
111  13.48902474  144.81028401 53 102
111  13.48952867  144.81003798 53 102
111  13.48987183  144.80986925 53 102
111  13.49018792  144.80971383
112  13.49018792  144.80971383  13.49033317  144.80965137 53 102
113  13.49048590  144.80978075
110 1 0.25 155.0000 K
111  13.47915058  144.78153489
112  13.47878570  144.78112697  13.47856916  144.78106335
111  13.47833023  144.78117195
111  13.47792430  144.78135788
111  13.47820284  144.78194991
111  13.47828391  144.78190759
112  13.47833087  144.78173294  13.47842753  144.78167727
111  13.47833087  144.78173294
111  13.47856504  144.78161851
112  13.47856504  144.78161851  13.47866557  144.78157676
113  13.47875797  144.78171427
110 1 0.25 65.0000 K
111  13.47875797  144.78171427
111  13.47905330  144.78219053
111  13.47929648  144.78276110
111  13.48022209  144.78478591
111  13.48227867  144.78928480
111  13.48314780  144.79118608
111  13.48461288  144.79439103
111  13.48546609  144.79625749
111  13.48690462  144.79940076
111  13.48777682  144.80131924
111  13.48833205  144.80252898
111  13.48856529  144.80303716
111  13.48891856  144.80288689
111  13.48808973  144.80107513
113  13.47915058  144.78153489
110 1 0.25 65.0000 K
111  13.48812743  144.80034886
111  13.48800554  144.80040018
111  13.48814465  144.80072057
112  13.48814465  144.80072057  13.48824939  144.80098837
111  13.48808973  144.80107513
111  13.48891856  144.80288689
111  13.48856529  144.80303716
111  13.48962271  144.80392141
111  13.48945694  144.80414303
112  13.49011670  144.80497946  13.49036122  144.80544826
111  13.49011670  144.80497946
111  13.49218270  144.80885040
111  13.49245167  144.80951142
112  13.49245167  144.80951142  13.49252702  144.80977911
111  13.49220021  144.80971941
111  13.49240180  144.80981108
111  13.49222774  144.81022875
111  13.49297986  144.81000951
111  13.49278941  144.80964569
111  13.49310080  144.80945658
111  13.48949885  144.80264640
113  13.48899722  144.80223638
110 2 0.25 155.0000 Apron
111  13.49310080  144.80945658
111  13.49278941  144.80964569
111  13.49297986  144.81000951
111  13.49222774  144.81022875
111  13.49355930  144.81100133
111  13.49539634  144.80993118
111  13.49532209  144.80972064
112  13.49548587  144.80899886  13.49532175  144.80855349
111  13.49548587  144.80899886
111  13.49460312  144.80730261
111  13.49461556  144.80693608
111  13.49458278  144.80687448
111  13.49389323  144.80686789
111  13.49375321  144.80675467
111  13.49348716  144.80653890
111  13.49235617  144.80441254
111  13.49185495  144.80469306
111  13.49128090  144.80362891
111  13.49116902  144.80342152
111  13.49092285  144.80355313
111  13.49076447  144.80323931
111  13.49021110  144.80214284
111  13.48997207  144.80166922
111  13.48934666  144.80199468
111  13.48931146  144.80191792
111  13.48878644  144.80077280
111  13.48888576  144.80071644
111  13.48857751  144.80000848
111  13.48883781  144.79987463
111  13.48867717  144.79952837
111  13.48845424  144.79904786
111  13.48781163  144.79932884
111  13.48821749  144.80031617
111  13.48812743  144.80034886
111  13.48899722  144.80223638
113  13.48949885  144.80264640
110 2 0.25 155.0000 Apron
111  13.48135543  144.79732008
111  13.48095558  144.79752121 102
112  13.48109113  144.79760977  13.48113683  144.79770556
111  13.48109113  144.79760977 102
111  13.48314371  144.80216415 102
112  13.48308219  144.80234742  13.48298861  144.80239072 102
111  13.48291715  144.80229457 102
111  13.48086159  144.79756849
111  13.47959397  144.79820612
111  13.48002420  144.79917579
111  13.48015688  144.79947483
111  13.47903688  144.80003483
111  13.48073914  144.80377572
111  13.48082678  144.80373357
111  13.48088299  144.80384264
111  13.48138305  144.80358200
111  13.48133167  144.80347634
111  13.48179406  144.80322980
111  13.48193204  144.80355672
111  13.48183377  144.80360512
111  13.48188172  144.80372839 102
111  13.48196734  144.80369317
112  13.48193309  144.80385166  13.48186736  144.80389739
111  13.48193309  144.80385166
111  13.48134343  144.80414741
111  13.48169676  144.80491181
111  13.48226533  144.80461948
111  13.48268021  144.80551596
111  13.48272011  144.80557921
111  13.48276384  144.80563863
112  13.48305859  144.80565659  13.48325353  144.80557279
111  13.48305859  144.80565659 102
111  13.48423475  144.80505185 102
112  13.48452195  144.80513623  13.48459214  144.80527183
111  13.48452195  144.80513623 102
112  13.48504524  144.80563004  13.48537925  144.80574065 102
111  13.48578505  144.80556664 102
111  13.48584750  144.80553664 102
111  13.48615267  144.80539006
112  13.48615267  144.80539006  13.48625008  144.80534369 53 102
111  13.48636352  144.80543577
111  13.48615441  144.80497196 53 102
112  13.48605472  144.80519799  13.48594559  144.80526106
111  13.48605472  144.80519799 102
111  13.48576389  144.80534832 102
111  13.48566860  144.80539758 102
112  13.48511374  144.80545745  13.48488446  144.80538177 102
111  13.48468560  144.80505945 102
111  13.48357096  144.80258992
112  13.48357096  144.80258992  13.48350312  144.80244077 102
111  13.48367132  144.80230148 102
111  13.48421956  144.80201821 102
111  13.48451349  144.80186405
112  13.48451349  144.80186405  13.48463027  144.80181466 53 102
111  13.48475437  144.80191208
111  13.48453315  144.80142943 53
112  13.48441501  144.80167432  13.48429387  144.80173604
111  13.48441501  144.80167432 102
111  13.48412828  144.80181855 102
111  13.48358383  144.80209243 102
112  13.48327761  144.80196805  13.48320509  144.80182612
111  13.48327761  144.80196805 102
111  13.48133697  144.79771811
114  13.48133697  144.79771811  13.48123678  144.79750846 102
111  13.48423696  144.80456262 53 102
112  13.48416053  144.80486244  13.48401465  144.80497811
111  13.48416053  144.80486244 53 102
111  13.48394540  144.80497014 53 102
112  13.48360006  144.80481587  13.48351570  144.80461705
111  13.48360006  144.80481587
112  13.48360006  144.80481587  13.48356315  144.80473453 53 102
111  13.48376493  144.80459204 53 102
111  13.48396522  144.80449858 53 102
111  13.48307074  144.80258034 53 102
112  13.48338777  144.80267348  13.48348795  144.80285603
113  13.48338777  144.80267348 53 102
110 2 0.25 155.0000 Apron
111  13.47959309  144.79628364
111  13.47873949  144.79439052
111  13.47862313  144.79445209
111  13.47856410  144.79448332
111  13.47801663  144.79477301
111  13.47820144  144.79517715
111  13.47757245  144.79550191
111  13.47782899  144.79608408
111  13.47837484  144.79579456
111  13.47846564  144.79601035
111  13.47852870  144.79598102
111  13.47866766  144.79630273
111  13.47835021  144.79645345
111  13.47849116  144.79680924
113  13.47899487  144.79656820
110 1 0.25 65.0000 Pad
111  13.49089284  144.81173558
111  13.49120390  144.81242968
111  13.49161055  144.81224479
113  13.49100367  144.81092125
110 1 0.25 65.0000 Pad
111  13.49141372  144.81084334
111  13.49196766  144.81204847
111  13.49230400  144.81188987
113  13.49197355  144.81117922
110 1 0.25 155.0000 Pad
111  13.47793687  144.78719566
111  13.47737584  144.78594528
111  13.47713095  144.78606443
111  13.47715790  144.78612089
111  13.47676834  144.78630840
113  13.47724493  144.78754854
110 1 0.25 0.0000 asphalt_4D.pol
111  13.48794368  144.81674207
111  13.48798250  144.81680594
111  13.48896107  144.81632487
111  13.49116145  144.81501209
112  13.49131663  144.81506263  13.49136858  144.81517201
111  13.49131663  144.81506263
111  13.49355115  144.82104369
112  13.49355115  144.82104369  13.49367088  144.82140998
111  13.49405623  144.82165043
111  13.49459471  144.82189012
112  13.49459471  144.82189012  13.49495988  144.82204095
111  13.49530860  144.82188704
111  13.49607766  144.82149486
112  13.49650127  144.82110592  13.49670816  144.82083996
111  13.49650127  144.82110592
111  13.49788762  144.81893528
112  13.49817250  144.81813218  13.49817579  144.81769878
111  13.49794241  144.81732207
111  13.49482280  144.81195679
112  13.49482280  144.81195679  13.49471890  144.81178126
111  13.49450783  144.81187881
111  13.49365623  144.81232269
112  13.49339959  144.81226270  13.49331524  144.81208641
111  13.49339959  144.81226270
111  13.49284853  144.81100840
112  13.49284853  144.81100840  13.49276676  144.81081919
111  13.49261925  144.81077565
111  13.49253091  144.81074324
112  13.49224299  144.81045871  13.49217080  144.81028022
111  13.49222774  144.81022875
111  13.49214324  144.81019202
112  13.49220051  144.81047395  13.49226809  144.81066665
111  13.49252297  144.81079534
111  13.49260402  144.81082625
112  13.49278381  144.81102638  13.49284514  144.81117565
111  13.49278381  144.81102638
111  13.49335268  144.81231885
112  13.49335268  144.81231885  13.49345336  144.81252032
111  13.49368263  144.81241381
111  13.49454238  144.81196514
112  13.49476741  144.81200218  13.49484162  144.81213192
111  13.49476741  144.81200218
111  13.49789558  144.81738184
112  13.49809171  144.81813327  13.49810159  144.81857006
111  13.49783720  144.81891288
111  13.49645226  144.82104957
112  13.49645226  144.82104957  13.49629035  144.82128546
111  13.49605750  144.82141971
111  13.49528412  144.82181942
112  13.49464549  144.82183439  13.49422345  144.82171435
111  13.49464549  144.82183439
111  13.49409221  144.82159841
112  13.49360715  144.82101181  13.49349641  144.82070707
111  13.49360715  144.82101181
111  13.49137214  144.81503805
112  13.49137214  144.81503805  13.49129298  144.81485744
111  13.49114465  144.81494208
113  13.48891925  144.81625419
110 1 0.25 65.0000 asphalt_4D.pol
111  13.48931146  144.80191792
111  13.48994093  144.80160161
111  13.48997207  144.80166922
111  13.49021110  144.80214284
111  13.49035891  144.80206459
111  13.49040775  144.80203874
111  13.49095044  144.80311814
111  13.49110889  144.80303861
111  13.49120961  144.80349653
111  13.49128090  144.80362891
111  13.49122335  144.80327553
111  13.49120536  144.80314834
112  13.49120536  144.80314834  13.49120086  144.80305352
111  13.49127932  144.80301324
111  13.49156051  144.80290752
112  13.49180940  144.80291339  13.49191366  144.80297646
111  13.49180940  144.80291339
111  13.49182136  144.80303035
112  13.49193404  144.80351265  13.49199333  144.80365771
111  13.49193404  144.80351265
111  13.49235617  144.80441254
111  13.49348716  144.80653890
112  13.49399784  144.80671672  13.49426783  144.80669979
111  13.49399784  144.80671672
111  13.49434757  144.80668591
112  13.49434757  144.80668591  13.49454182  144.80665544
111  13.49469815  144.80654662
111  13.49465879  144.80645334
112  13.49431153  144.80661651  13.49414690  144.80664359
111  13.49431153  144.80661651
111  13.49398691  144.80663766
112  13.49398691  144.80663766  13.49373339  144.80663089
111  13.49362055  144.80650382
111  13.49246363  144.80437714
111  13.49200467  144.80348649
112  13.49200467  144.80348649  13.49191881  144.80330568
111  13.49190417  144.80302198
111  13.49155402  144.80083094
111  13.49147036  144.80083094
111  13.49166148  144.80218861
112  13.49141166  144.80244995  13.49118903  144.80248464
111  13.49101658  144.80231857
111  13.48988360  144.80005125
111  13.48984537  144.79981999
111  13.48972599  144.79874871
112  13.48972599  144.79874871  13.48966613  144.79828392
111  13.48957434  144.79799893
111  13.48734272  144.79296898
111  13.48729071  144.79299899
111  13.48875933  144.79637608
112  13.48865193  144.79664513  13.48850706  144.79673654
111  13.48865193  144.79664513
111  13.48852489  144.79670817
111  13.48792740  144.79546531
111  13.48781883  144.79551879
111  13.48732556  144.79443667
111  13.48658802  144.79478367
111  13.48666033  144.79493239
111  13.48647977  144.79503153
111  13.48662529  144.79532001
112  13.48652740  144.79530264  13.48649208  144.79523156
111  13.48652740  144.79530264
111  13.48620456  144.79463855
112  13.48620456  144.79463855  13.48609077  144.79437400
111  13.48587780  144.79427794
111  13.48558054  144.79413776
112  13.48524748  144.79378174  13.48516878  144.79355974
111  13.48524748  144.79378174
111  13.48460944  144.79194659
111  13.48421763  144.79101546
111  13.48397869  144.79054336
112  13.48397869  144.79054336  13.48388019  144.79035033
111  13.48391531  144.79019187
111  13.48394478  144.79007550
112  13.48390501  144.78974511  13.48382881  144.78955208
111  13.48390501  144.78974511
111  13.47914067  144.77928302
112  13.47865819  144.77886784  13.47830693  144.77882460
111  13.47865819  144.77886784
111  13.47817713  144.77877608
111  13.47797206  144.77871092
111  13.47763781  144.77852380
111  13.47650716  144.77833769
112  13.47590852  144.77879014  13.47581039  144.77928837
111  13.47590852  144.77879014
111  13.47516995  144.78433832
111  13.47529804  144.78543686
111  13.47731421  144.78937502
111  13.47756413  144.79178618
111  13.47730853  144.79422427
111  13.47737242  144.79424842
111  13.47764953  144.79181226
111  13.47740809  144.78934679
111  13.47537481  144.78542044
111  13.47524706  144.78434126
111  13.47596615  144.77884471
112  13.47596615  144.77884471  13.47603974  144.77832967
111  13.47654740  144.77841468
111  13.47758837  144.77858446
111  13.47795082  144.77877856
111  13.47815938  144.77884544
111  13.47859419  144.77891633
112  13.47907887  144.77930751  13.47926439  144.77965345
111  13.47907887  144.77930751
111  13.48383407  144.78976356
112  13.48383407  144.78976356  13.48390283  144.78990690
111  13.48388234  144.79005496
111  13.48385004  144.79016907
112  13.48385004  144.79016907  13.48379243  144.79036401
111  13.48392889  144.79058856
111  13.48416084  144.79104827
111  13.48454612  144.79196785
111  13.48519053  144.79380452
112  13.48519053  144.79380452  13.48526924  144.79408897
111  13.48558473  144.79421589
111  13.48584947  144.79435639
112  13.48613907  144.79465179  13.48624791  144.79488327
111  13.48613907  144.79465179
111  13.48775684  144.79804913
112  13.48776759  144.79841760  13.48771586  144.79857486
111  13.48776759  144.79841760
111  13.48766061  144.79875411
111  13.48759386  144.79897974
111  13.48744575  144.79860151
111  13.48769203  144.79848233
111  13.48772100  144.79838922
111  13.48766667  144.79825887
111  13.48720671  144.79844508
111  13.48800554  144.80040018
111  13.48812743  144.80034886
111  13.48821749  144.80031617
111  13.48781163  144.79932884
111  13.48768833  144.79898758
111  13.48772386  144.79876992
111  13.48783972  144.79843860
112  13.48783972  144.79843860  13.48790493  144.79820041
111  13.48781183  144.79801253
111  13.48767638  144.79774214
111  13.48768965  144.79762360
111  13.48772817  144.79749633
111  13.48768248  144.79738050
111  13.48790177  144.79726663
111  13.48886616  144.79943649
111  13.48867717  144.79952837
111  13.48883781  144.79987463
111  13.48857751  144.80000848
111  13.48888576  144.80071644
113  13.48878644  144.80077280
111  13.48764341  144.79749842
112  13.48763319  144.79755370  13.48760526  144.79756806
111  13.48758043  144.79753001
111  13.48705815  144.79642910
112  13.48705815  144.79642910  13.48701765  144.79634437
113  13.48708841  144.79630977
111  13.48701711  144.79616913
111  13.48706222  144.79614825
112  13.48707871  144.79618020  13.48705678  144.79621551
111  13.48707871  144.79618020
111  13.48702133  144.79620922
112  13.48693315  144.79617670  13.48690550  144.79611589
111  13.48693315  144.79617670
111  13.48663291  144.79551545
112  13.48663291  144.79551545  13.48660079  144.79545083
113  13.48667379  144.79541243
111  13.48807354  144.79715590
111  13.48876825  144.79678684
112  13.48899543  144.79687487  13.48906457  144.79701031
111  13.48899543  144.79687487
111  13.48905799  144.79705093
112  13.48894934  144.79713897  13.48884069  144.79713558
113  13.48894934  144.79713897
112  13.48965496  144.79875373  13.48965196  144.79906461
111  13.48965496  144.79875373
111  13.48977169  144.79979719
111  13.48978366  144.79987106
111  13.48908027  144.79958480
111  13.48958312  144.79931701
111  13.48926884  144.79859367
111  13.48914612  144.79865831
111  13.48898449  144.79830742
111  13.48914612  144.79805502
111  13.48931673  144.79819968
111  13.48935564  144.79818429
111  13.48935564  144.79826124
113  13.48953822  144.79820584
111  13.48981819  144.80144987
111  13.48896544  144.79963844
111  13.48978527  144.79994994
111  13.48982149  144.80009891
113  13.49047998  144.80150743
111  13.49058713  144.80183385
111  13.49032852  144.80158872
111  13.48991699  144.80154015
111  13.48991699  144.80153090
111  13.49034651  144.80157022
112  13.49064582  144.80178786  13.49074378  144.80198653
111  13.49064582  144.80178786
111  13.49120330  144.80288377
112  13.49120330  144.80288377  13.49123861  144.80295831
113  13.49116507  144.80298784
111  13.49172169  144.80253943
111  13.49155201  144.80274967
112  13.49127193  144.80283797  13.49111656  144.80278751
111  13.49127193  144.80283797
111  13.49105523  144.80243642
112  13.49138641  144.80253313  13.49157450  144.80250580
113  13.49168694  144.80235863
111  13.49156836  144.80281695
112  13.49172782  144.80263404  13.49173191  144.80263194
111  13.49176053  144.80281274
114  13.49176053  144.80281274  13.49167671  144.80277700
110 1 0.25 65.0000 asphalt_1D.pol
111  13.49076447  144.80323931
111  13.49092211  144.80315566
111  13.49035891  144.80206459
113  13.49021110  144.80214284
110 2 0.25 65.0000 concrete_4D.pol
111  13.48338777  144.80267348
112  13.48338777  144.80267348  13.48328758  144.80249094
111  13.48307074  144.80258034
111  13.48396522  144.80449858
111  13.48376493  144.80459204
112  13.48360006  144.80481587  13.48363362  144.80491445
111  13.48360006  144.80481587
112  13.48360006  144.80481587  13.48365599  144.80494239
112  13.48394540  144.80497014  13.48408670  144.80493998
111  13.48394540  144.80497014
111  13.48416053  144.80486244
112  13.48416053  144.80486244  13.48430002  144.80474512
113  13.48423696  144.80456262
110 1 0.25 65.0000 asphalt_5D.pol
111  13.47899487  144.79656820
111  13.47849116  144.79680924
111  13.47897514  144.79795724
112  13.47896056  144.79808091  13.47890101  144.79811676
111  13.47896056  144.79808091
111  13.47882439  144.79816758
112  13.47872786  144.79851018  13.47882612  144.79871225
111  13.47872786  144.79851018
111  13.47920000  144.79956748
112  13.47915658  144.79973400  13.47907704  144.79979414
111  13.47915658  144.79973400
111  13.47863063  144.80000964
111  13.47867254  144.80008442
112  13.47885021  144.80012096  13.47890454  144.80020476
111  13.47885021  144.80012096
111  13.48174841  144.80652917
112  13.48228906  144.80641669  13.48260016  144.80640946
111  13.48276566  144.80649340
111  13.48493289  144.80820336
111  13.48469185  144.80778214
112  13.48459329  144.80781989  13.48451857  144.80777827
111  13.48459329  144.80781989
111  13.48272994  144.80640574
112  13.48272994  144.80640574  13.48247333  144.80630814
111  13.48207438  144.80635538
111  13.48199903  144.80622365
112  13.48199903  144.80622365  13.48193180  144.80606440
111  13.48207357  144.80599448
111  13.48276384  144.80563863
111  13.48272011  144.80557921
111  13.48202163  144.80595632
112  13.48194628  144.80623140  13.48202191  144.80639311
111  13.48194628  144.80623140
111  13.48200656  144.80635925
111  13.48187846  144.80640187
112  13.48187846  144.80640187  13.48180465  144.80642717
111  13.48177624  144.80634815
111  13.48122783  144.80516222
111  13.48147569  144.80501427
111  13.48112236  144.80424987
111  13.48088782  144.80436207
111  13.47889683  144.80002401
112  13.47889683  144.80002401  13.47887606  144.79996486
111  13.47892956  144.79994430
111  13.47922560  144.79978137
111  13.47933600  144.79983959
111  13.47964736  144.79969404
111  13.47953131  144.79941461
111  13.47988514  144.79923325
111  13.47984551  144.79914010
111  13.48002420  144.79917579
111  13.47959397  144.79820612
111  13.47937035  144.79774330
113  13.47949207  144.79768508
111  13.47908374  144.79910949
111  13.47881411  144.79849699
112  13.47881411  144.79849699  13.47874016  144.79834762
111  13.47888255  144.79823866
111  13.47906838  144.79813836
112  13.47914671  144.79815668  13.47917576  144.79819877
111  13.47914671  144.79815668
111  13.47918391  144.79824347
111  13.47911181  144.79827955
111  13.47931300  144.79873903
111  13.47959606  144.79860672
113  13.47967794  144.79880157
110 1 0.25 155.0000 asphalt_4D.pol
111  13.48196119  144.79701538
111  13.48187890  144.79682871
111  13.48109402  144.79722425
112  13.48109402  144.79722425  13.48094940  144.79727455
111  13.48087405  144.79713999
111  13.48082799  144.79703993
111  13.48057979  144.79650083
111  13.48032049  144.79593762
111  13.47959309  144.79628364
111  13.47899487  144.79656820
111  13.47949207  144.79768508
111  13.47937035  144.79774330
111  13.47959397  144.79820612
111  13.48086159  144.79756849
111  13.48095558  144.79752121
113  13.48135543  144.79732008
110 1 0.25 155.0000 asphalt_3L.pol
111  13.47814944  144.78468487
111  13.47800180  144.78437219
111  13.47737828  144.78469705
113  13.47751492  144.78500246
130 Airport Boundary
111  13.47983091  144.77879415
111  13.47585718  144.77814896
111  13.47506125  144.78433775
111  13.47523309  144.78546184
111  13.47723940  144.78936823
111  13.47749568  144.79177768
111  13.47693532  144.79673254
111  13.48275983  144.80950029
111  13.48526895  144.80826988
111  13.48929196  144.81627177
111  13.49118471  144.81512045
111  13.49344039  144.82105052
111  13.49392135  144.82178901
111  13.49463047  144.82205962
111  13.49538641  144.82211467
111  13.49672029  144.82115979
111  13.49827268  144.81864661
111  13.49860260  144.81616354
111  13.49638506  144.81150487
111  13.49587250  144.80988591
111  13.49546906  144.80805985
111  13.49129985  144.79965011
111  13.49046185  144.80004867
111  13.48984560  144.79795632
111  13.48748891  144.79267406
111  13.48625877  144.79114547
113  13.48463385  144.78908865
120 RH
111  13.47819511  144.78427362 54
111  13.47843182  144.78478006
111  13.47897338  144.78597320 54
111  13.47906216  144.78616589
111  13.48353348  144.79597180 54
111  13.48362093  144.79616244
111  13.48581706  144.80098104 54
111  13.48590452  144.80117167
111  13.48734246  144.80432575 54
111  13.48751394  144.80469934
111  13.48969919  144.80949651 54
115  13.48987183  144.80986925
120 RH
111  13.48952867  144.81003798 54
111  13.48935699  144.80966452
111  13.48717125  144.80486984 54
111  13.48700230  144.80449401
111  13.48556486  144.80134972 54
111  13.48547744  144.80115620
111  13.48328128  144.79634049 54
111  13.48319386  144.79614696
111  13.47872025  144.78633676 54
111  13.47863176  144.78614271
111  13.47809164  144.78496287 54
115  13.47783958  144.78441024
120 RH
111  13.48412828  144.80181855 54
111  13.48421956  144.80201821
111  13.48576389  144.80534832 54
115  13.48584750  144.80553664
120 RH
111  13.49139887  144.80984504 54
111  13.49142207  144.80964025 54
111  13.49151487  144.80944938
111  13.48897868  144.80407532 54
111  13.48879621  144.80366154
111  13.48850145  144.80347630 54
111  13.48871024  144.80315221
111  13.48733594  144.80067328 54
111  13.48711721  144.80018636
111  13.48503167  144.79562650 54
111  13.48482220  144.79516076
111  13.48271954  144.79057387 54
111  13.48250261  144.79010586
111  13.47977387  144.78413475 54
111  13.47951692  144.78358926
111  13.47859914  144.78157348 54
115  13.47842505  144.78118140
120 TH
111  13.48082799  144.79703993 55
111  13.48066578  144.79711747 55
111  13.48057506  144.79716084 55
111  13.48078096  144.79761179 55
111  13.48086159  144.79756849
111  13.48292242  144.80230815 55
115  13.48419177  144.80507660
120 TH
111  13.49207419  144.81005942 52
111  13.49217038  144.80981475
111  13.49378029  144.81055005 52
111  13.49367202  144.81035783
111  13.49221188  144.80874167 52
111  13.49238982  144.80863423
111  13.49019251  144.80494860 52
111  13.49038167  144.80484600
111  13.48772605  144.80105009 52
111  13.48793578  144.80094555
111  13.48728485  144.79952084 52
111  13.48707822  144.79962239
111  13.48542289  144.79601045 52
111  13.48563459  144.79590887
111  13.48498167  144.79447980 52
111  13.48477130  144.79459075
111  13.48310943  144.79095469 52
111  13.48331987  144.79084258
111  13.48267891  144.78943968 52
111  13.48245815  144.78954215
111  13.48085507  144.78610231 56
115  13.48115281  144.78595519
120 TH
111  13.48846556  144.80260517 55
111  13.48865284  144.80251500 55
111  13.48884984  144.80242014 55
115  13.48818260  144.80091996
120 TL
111  13.49029826  144.80942120 51
111  13.48978683  144.80966993
111  13.48977421  144.80967607 51 59
111  13.48963067  144.80974588 51 59
111  13.48944508  144.80983614
111  13.48942882  144.80984345 51
115  13.48914628  144.80998067
120 TL
111  13.49334156  144.81049748 51
111  13.49221370  144.80997801 51
111  13.49202017  144.80988887 51 59
111  13.49174748  144.80976328 51 59
111  13.49144366  144.80962335
111  13.49142138  144.80961308 51
111  13.49138319  144.80959549 51
111  13.49069838  144.80929412 51
112  13.49032868  144.80893367  13.49019637  144.80867516
111  13.49032868  144.80893367 51
115  13.49009519  144.80842317
120 TL
111  13.48938014  144.80382748 51 59
112  13.48907512  144.80378349  13.48892396  144.80382506
111  13.48907512  144.80378349 51 59
111  13.48889750  144.80387332
111  13.48888632  144.80387898 51
111  13.48847712  144.80408593
111  13.48777614  144.80434174 51
111  13.48743464  144.80450859
111  13.48742141  144.80451505 51 59
111  13.48709380  144.80467510
111  13.48707793  144.80468286 51
111  13.48676300  144.80483672
111  13.48620196  144.80524219 51
111  13.48581049  144.80543600
111  13.48579554  144.80544340 51 59
111  13.48570842  144.80548653
112  13.48570842  144.80548653  13.48558073  144.80554040 51 59
111  13.48540001  144.80556484
112  13.48540001  144.80556484  13.48477665  144.80555075 51
115  13.48456572  144.80504074
120 TL
111  13.49006471  144.80449045 51
111  13.48988877  144.80425499 51
111  13.48938014  144.80382748 51
111  13.48921375  144.80370654 51 59
111  13.48863401  144.80328515
111  13.48862069  144.80327547 51
115  13.48807080  144.80287577
120 TL
111  13.48752431  144.80027008 51 59
111  13.48723301  144.80041877
111  13.48721594  144.80042750 51
111  13.48689361  144.80059241
111  13.48637463  144.80081988 51
111  13.48586385  144.80107476
111  13.48585755  144.80107791 51 59
111  13.48552150  144.80124560
111  13.48551433  144.80124918 51
111  13.48508351  144.80146417
111  13.48462183  144.80168226 51
111  13.48417575  144.80190812
111  13.48416745  144.80191232 51 59
111  13.48372600  144.80213585 51
111  13.48351122  144.80224461 51
111  13.48314865  144.80242819 51
115  13.48294388  144.80253188
120 TL
111  13.48938014  144.80382748 51
112  13.48872367  144.80289033  13.48839532  144.80232852
111  13.48872367  144.80289033 51
111  13.48861801  144.80265950 51
111  13.48752431  144.80027008 51
111  13.48522130  144.79523871 51
111  13.48291081  144.79019098 51
111  13.48100939  144.78603695
111  13.48100176  144.78602027 51
111  13.47994268  144.78370651 51
111  13.47898295  144.78160978 51 59
112  13.47851658  144.78136656  13.47821459  144.78141173
111  13.47851658  144.78136656
111  13.47850264  144.78137265 51
115  13.47817362  144.78151627
120 TL
111  13.48522130  144.79523871 51 59
111  13.48492878  144.79538330
111  13.48491758  144.79538884 51
111  13.48457486  144.79555824
111  13.48406723  144.79582027 51
111  13.48358250  144.79607049
111  13.48357646  144.79607361 51 59
111  13.48324261  144.79624594
111  13.48323619  144.79624925 51
111  13.48278721  144.79648101
111  13.48235927  144.79670191 51
111  13.48192426  144.79691944
111  13.48191349  144.79692482 51 59
111  13.48146090  144.79715114 51
111  13.48125842  144.79725239 51
111  13.48098076  144.79739123 51
111  13.48089473  144.79743425 51
111  13.48071217  144.79752554 51
111  13.48005916  144.79785207 51
112  13.47971543  144.79772424  13.47957201  144.79746615
111  13.47971543  144.79772424 51
115  13.47927890  144.79671443
120 TL
111  13.47947623  144.78584192 51
111  13.47902394  144.78606840
111  13.47901476  144.78607300 51 59
111  13.47868207  144.78623960
111  13.47867289  144.78624420 51
115  13.47824514  144.78645840
120 TL
111  13.47994268  144.78370651 51 59
111  13.47965092  144.78385375
111  13.47963501  144.78386178 51
111  13.47917959  144.78409160
111  13.47881878  144.78427368 51
111  13.47831895  144.78452592
111  13.47830905  144.78453091 51 59
111  13.47816762  144.78460229 51 59
111  13.47797814  144.78469790
111  13.47796500  144.78470454 51
115  13.47745494  144.78496194
120 TL
111  13.48291081  144.79019098 51 59
111  13.48261433  144.79033893
111  13.48260737  144.79034241 51
115  13.48228126  144.79050514
120 TL
111  13.49112888  144.81068270 51
111  13.49089538  144.81017219 51
112  13.49097072  144.80975598  13.49111335  144.80955543 51
115  13.49138319  144.80959549
120 TL
111  13.48836164  144.80929075 51
111  13.48859505  144.80980130 51
116  13.48914628  144.80998067  13.48951609  144.80984666
120 TL
111  13.48160231  144.78985185 51
111  13.48183580  144.79036233 51
112  13.48228126  144.79050514  13.48260358  144.79042075
111  13.48228126  144.79050514
112  13.48228126  144.79050514  13.48201375  144.79072850 51
111  13.48209676  144.79093198 51
115  13.48233026  144.79144247
120 TL
111  13.47763181  144.78582358 51
111  13.47786522  144.78633413 51
112  13.47824514  144.78645840  13.47848701  144.78639934
111  13.47824514  144.78645840
112  13.47824514  144.78645840  13.47804125  144.78660734 51
111  13.47809479  144.78683501 51
115  13.47832820  144.78734556
120 TL
111  13.48221245  144.79584215 51
111  13.48244436  144.79635269 51
112  13.48278721  144.79648101  13.48302908  144.79642195
111  13.48278721  144.79648101
112  13.48278721  144.79648101  13.48258333  144.79662995 51
111  13.48266877  144.79683976 51
115  13.48290218  144.79735031
120 TL
111  13.48390325  144.79488336 51
111  13.48413675  144.79539384 51
112  13.48457486  144.79555824  13.48488303  144.79548539
111  13.48457486  144.79555824
112  13.48457486  144.79555824  13.48432162  144.79574383 51
111  13.48442974  144.79603306 51
115  13.48466323  144.79654354
120 TL
111  13.48620709  144.79992094 51
111  13.48644059  144.80043143 51
112  13.48689361  144.80059241  13.48720506  144.80054153
111  13.48689361  144.80059241
112  13.48689361  144.80059241  13.48664037  144.80077800 51
111  13.48671016  144.80102107 51
111  13.48693763  144.80151838 51
116  13.48807080  144.80287577  13.48881395  144.80343354
120 TL
111  13.48445421  144.80074485 51
111  13.48468761  144.80125539 51
112  13.48508351  144.80146417  13.48535830  144.80141049
111  13.48508351  144.80146417
112  13.48508351  144.80146417  13.48486694  144.80162182 51
111  13.48496942  144.80187086 51
115  13.48520283  144.80238141
120 TL
111  13.48602175  144.80417245 51
111  13.48625515  144.80468300 51
112  13.48676300  144.80483672  13.48712383  144.80475929
111  13.48676300  144.80483672
112  13.48676300  144.80483672  13.48649293  144.80506385 51
111  13.48654476  144.80531591 51
115  13.48677816  144.80582646
120 TL
111  13.48272417  144.80246565 51
112  13.48294388  144.80253188  13.48308548  144.80248322
111  13.48294388  144.80253188
112  13.48294388  144.80253188  13.48282079  144.80262058 51
115  13.48286925  144.80278913
120 TL
111  13.48350938  144.80482644 51
112  13.48353879  144.80457168  13.48360470  144.80446423 51
111  13.48354953  144.80430598 51
111  13.48286925  144.80278913 51
111  13.48272417  144.80246565 51
111  13.48062560  144.79778640
112  13.48062560  144.79778640  13.48055975  144.79762943 51
115  13.48071217  144.79752554
120 TL
111  13.48436845  144.80460637 51
112  13.48421170  144.80495242  13.48399806  144.80507267
111  13.48421170  144.80495242
112  13.48421170  144.80495242  13.48444782  144.80488767 51
115  13.48456572  144.80504074
120 TL
111  13.48421170  144.80495242 51
111  13.48400886  144.80505163
112  13.48400886  144.80505163  13.48369965  144.80519917 51
111  13.48355056  144.80491809 51
111  13.48350938  144.80482644 51
115  13.47985828  144.79670039
120 TL
111  13.48351122  144.80224461 51
112  13.48324074  144.80212339  13.48313681  144.80196292
111  13.48324074  144.80212339
112  13.48324074  144.80212339  13.48329664  144.80231075 51
111  13.48314865  144.80242819 51
112  13.48342595  144.80253119  13.48353054  144.80268556
111  13.48342595  144.80253119
112  13.48342595  144.80253119  13.48338000  144.80235111 51
115  13.48351122  144.80224461
120 TL
111  13.48456572  144.80504074 51
111  13.48436845  144.80460637 51
111  13.48342595  144.80253119 51
111  13.48324074  144.80212339 51
115  13.48118957  144.79758495
120 TL
111  13.49266823  144.80940366 51
112  13.49259054  144.80985700  13.49240749  144.81002744 51
115  13.49221370  144.80997801
120 TL
111  13.49006471  144.80449045 51
111  13.49043814  144.80518363 51
111  13.49266823  144.80940366 51
111  13.49315304  144.81032108 51
112  13.49334156  144.81049748  13.49346030  144.81055853
111  13.49334156  144.81049748
112  13.49334156  144.81049748  13.49349493  144.81055090 51
111  13.49367493  144.81048496 51
111  13.49516179  144.80961232
112  13.49516179  144.80961232  13.49547308  144.80940609 51
111  13.49532115  144.80904790 51
111  13.49436699  144.80723919
112  13.49436699  144.80723919  13.49429516  144.80710375 51
115  13.49416183  144.80706402
120 TL
111  13.48861801  144.80265950 51
112  13.48877911  144.80279257  13.48887928  144.80284092
111  13.48877911  144.80279257 51
111  13.48926657  144.80304824 51
112  13.48945753  144.80325139  13.48951667  144.80337302
111  13.48945753  144.80325139 51
111  13.48970759  144.80371352 51
115  13.48988877  144.80425499
120 TL
111  13.48776775  144.80333490 51
111  13.48800204  144.80384610 51
112  13.48847712  144.80408593  13.48879400  144.80399734
111  13.48847712  144.80408593
112  13.48847712  144.80408593  13.48822388  144.80427151 51
111  13.48829995  144.80449696 51
115  13.48853313  144.80500683
120 TL
111  13.48066578  144.79711747 51
111  13.48074431  144.79728664
112  13.48074431  144.79728664  13.48081667  144.79743414 51
115  13.48098076  144.79739123
120 TL
111  13.48089473  144.79743425 51
112  13.48118957  144.79758495  13.48129976  144.79778845
111  13.48118957  144.79758495
112  13.48118957  144.79758495  13.48111986  144.79734907 51
115  13.48125842  144.79725239
120 TL
111  13.48775030  144.80334267 51
111  13.48798446  144.80385244 51
112  13.48777614  144.80434174  13.48748885  144.80454549
111  13.48777614  144.80434174
112  13.48777614  144.80434174  13.48812563  144.80427492 51
111  13.48828236  144.80450511 51
115  13.48851542  144.80501448
120 TL
111  13.49014535  144.80857924 51
111  13.49037884  144.80908975 51
112  13.49029826  144.80942120  13.49013424  144.80955613
111  13.49029826  144.80942120
112  13.49029826  144.80942120  13.49051039  144.80939421 51
111  13.49058114  144.80953069 51
115  13.49081464  144.81004120
120 TL
111  13.48609101  144.80437117 51
111  13.48632441  144.80488171 51
112  13.48620196  144.80524219  13.48600508  144.80540169
111  13.48620196  144.80524219
112  13.48620196  144.80524219  13.48644248  144.80518220 51
111  13.48653551  144.80534338 51
115  13.48676892  144.80585393
120 TL
111  13.48450159  144.80089461 51
111  13.48473499  144.80140516 51
112  13.48462183  144.80168226  13.48444423  144.80180601
111  13.48462183  144.80168226
112  13.48462183  144.80168226  13.48483667  144.80164131 51
111  13.48490866  144.80178514 51
115  13.48514206  144.80229569
120 TL
111  13.48223788  144.79594464 51
111  13.48247129  144.79645519 51
112  13.48235927  144.79670191  13.48219724  144.79682866
111  13.48235927  144.79670191
112  13.48235927  144.79670191  13.48255351  144.79665857 51
111  13.48262500  144.79679080 51
115  13.48285841  144.79730134
120 TL
111  13.47935652  144.78498833 51
111  13.47959002  144.78549881 51
112  13.47947623  144.78584192  13.47931221  144.78597685
111  13.47947623  144.78584192
112  13.47947623  144.78584192  13.47968836  144.78581493 51
111  13.47979192  144.78593945 51
115  13.48002541  144.78644994
120 TL
112  13.47817362  144.78151627  13.47788363  144.78166626 51
111  13.47799053  144.78195360 51
115  13.47822402  144.78246408
120 TL
111  13.49461514  144.80906509 51
112  13.49480948  144.80927860  13.49489088  144.80943972
111  13.49480948  144.80927860 51
115  13.49500791  144.80966828
120 TL
111  13.49308137  144.81011821 51
111  13.49341684  144.80992116 51
112  13.49359499  144.80970639  13.49365930  144.80955885
111  13.49359499  144.80970639 51
115  13.49371380  144.80943452
120 TL
111  13.48978311  144.80407543 51
115  13.49050704  144.80368925
120 TL
111  13.49014291  144.80457579 51
115  13.49086685  144.80418961
120 TL
111  13.49043670  144.80512694 51
115  13.49116063  144.80474077
120 TL
111  13.49073136  144.80569724 51
115  13.49145530  144.80531107
120 TL
111  13.49103952  144.80624997 51
115  13.49164917  144.80593095
120 TL
111  13.49132731  144.80683399 51
115  13.49193695  144.80651497
120 TL
111  13.49173180  144.80757517 51
115  13.49244338  144.80718148
120 TL
111  13.49214663  144.80836100 51
115  13.49285821  144.80796731
120 TL
111  13.49236342  144.80876794 51
115  13.49307500  144.80837425
120 TL
111  13.49268110  144.80936305 51
115  13.49339268  144.80896937
120 TL
111  13.49440167  144.81002585 51
115  13.49417831  144.80941490
120 TL
111  13.49439675  144.80850699 51
115  13.49487022  144.80824620
120 TL
111  13.49410155  144.80825258 51
115  13.49469322  144.80791305
120 TL
111  13.49418537  144.80811172 51
115  13.49465437  144.80783947
120 TL
111  13.49393504  144.80762986 51
115  13.49440404  144.80735761
120 TL
111  13.49382296  144.80793083 51
115  13.49449760  144.80753979
120 TL
111  13.49362261  144.80756291 51
115  13.49429725  144.80717187
120 TB
111  13.48459181  144.79591353 53 102
112  13.48469799  144.79570572  13.48481008  144.79564489
111  13.48469799  144.79570572 53 102
111  13.48490007  144.79560358 53 102
112  13.48522545  144.79567755  13.48534689  144.79583764
111  13.48522545  144.79567755 53 102
111  13.48542289  144.79601045 53 102
111  13.48560563  144.79631857 53 102
111  13.48696228  144.79928061 53 102
111  13.48707822  144.79962239 53 102
111  13.48721094  144.80001364 53 102
112  13.48709075  144.80028640  13.48692941  144.80038828
111  13.48709075  144.80028640 53 102
111  13.48691669  144.80037590
112  13.48691669  144.80037590  13.48673553  144.80045740 53 102
115  13.48661001  144.80036311
120 TB
111  13.48228488  144.79087009 53 102
112  13.48238078  144.79065524  13.48251202  144.79058115
111  13.48238078  144.79065524 53 102
111  13.48261711  144.79053549 53 102
112  13.48290482  144.79060946  13.48302319  144.79074441
111  13.48290482  144.79060946 53 102
111  13.48310943  144.79095469 53 102
111  13.48325760  144.79120469 53 102
111  13.48466897  144.79429882 53 102
111  13.48477130  144.79459075 53 102
111  13.48490256  144.79496521 53 102
112  13.48480084  144.79524416  13.48465767  144.79533714
111  13.48480084  144.79524416 53 102
111  13.48459362  144.79536039
112  13.48459362  144.79536039  13.48445466  144.79542390 53 102
115  13.48431482  144.79533714
120 TB
111  13.47817254  144.78187940 53 102
112  13.47827872  144.78163990  13.47842844  144.78156774
111  13.47827872  144.78163990 53 102
111  13.47853903  144.78154129 53 102
112  13.47880618  144.78161877  13.47892315  144.78176551
111  13.47880618  144.78161877 53 102
111  13.47913156  144.78218582 53 102
111  13.47928569  144.78249576 53 102
111  13.47959052  144.78334810 53 102
112  13.47950489  144.78369678  13.47935751  144.78380985
111  13.47950489  144.78369678 53 102
111  13.47929596  144.78380949
112  13.47929596  144.78380949  13.47916730  144.78386722 53 102
115  13.47903223  144.78379188
120 TB
111  13.47933155  144.78442053 53 102
112  13.47941930  144.78421095  13.47953536  144.78414691
111  13.47941930  144.78421095 53 102
111  13.47963726  144.78410034
112  13.47963726  144.78410034  13.47982125  144.78402175 53 102
111  13.47997411  144.78418475 53 102
111  13.48033422  144.78479543 53 102
111  13.48234349  144.78919571 53 102
111  13.48245815  144.78954215 53 102
111  13.48258839  144.78993570 53 102
112  13.48247159  144.79020690  13.48231692  144.79029835
111  13.48247159  144.79020690 53 102
111  13.48224930  144.79031925
112  13.48224930  144.79031925  13.48211977  144.79036498 53 102
115  13.48201948  144.79029601
120 TB
111  13.47864018  144.78389821 53 102
112  13.47854599  144.78417716  13.47840446  144.78425390
111  13.47854599  144.78417716 53 102
115  13.47736297  144.78477379
120 TB
111  13.47764999  144.78540465 53 102
112  13.47780284  144.78503790  13.47802508  144.78492243
111  13.47780284  144.78503790 53 102
111  13.47870015  144.78457508
112  13.47870015  144.78457508  13.47888780  144.78450773 53 102
115  13.47899454  144.78467405
120 TB
111  13.47832087  144.78686816 53 102
112  13.47847925  144.78645585  13.47869975  144.78631126
111  13.47847925  144.78645585 53 102
111  13.47859614  144.78639878
111  13.47849197  144.78620786 53 102
111  13.47836280  144.78627951
112  13.47836280  144.78627951  13.47819183  144.78634852 53 102
115  13.47801642  144.78618724
120 TB
111  13.48289962  144.79686032 53 102
112  13.48303479  144.79647007  13.48325529  144.79632548
111  13.48303479  144.79647007 53 102
111  13.48315387  144.79640728
111  13.48307015  144.79621077 53 102
111  13.48291834  144.79629373
112  13.48291834  144.79629373  13.48274737  144.79636274 53 102
115  13.48259113  144.79620803
120 TB
111  13.49106438  144.81007863 53 102
112  13.49146374  144.80979579  13.49184973  144.80988240
111  13.49146374  144.80979579 53 102
111  13.49207419  144.81005942 53 102
111  13.49354034  144.81069259 53 102
111  13.49378029  144.81055005 53 102
111  13.49522305  144.80969297
112  13.49522305  144.80969297  13.49554843  144.80942528 53 102
111  13.49541896  144.80905368 53 102
111  13.49452445  144.80732763 53 102
111  13.49452901  144.80694320 53 102
115  13.49391357  144.80695258
120 TB
111  13.48784232  144.80453596 53 102
116  13.48813619  144.80466773  13.48823075  144.80479488
120 TB
111  13.48854754  144.80457018 53 102
112  13.48876862  144.80410910  13.48901425  144.80395032
111  13.48876862  144.80410910 53 102
111  13.48907064  144.80396180 53 102
112  13.48939040  144.80398546  13.48952679  144.80409661
111  13.48939040  144.80398546 53 102
111  13.48963422  144.80417314 53 102
112  13.49019251  144.80494860  13.49059045  144.80565695
111  13.49019251  144.80494860 53 102
111  13.49221188  144.80874167 53 102
111  13.49225247  144.80881791 53 102
111  13.49252704  144.80945088 53 102
112  13.49249307  144.80973616  13.49239271  144.80986053 53 102
111  13.49217038  144.80981475 53 102
111  13.49111127  144.80931606
112  13.49111127  144.80931606  13.49067638  144.80909906 53 102
115  13.49047052  144.80878944
120 TB
111  13.48783861  144.80302461 53 102
112  13.48791517  144.80297868  13.48798961  144.80300492
111  13.48791517  144.80297868 53 102
111  13.48878545  144.80360038 53 102
112  13.48880429  144.80373599  13.48873411  144.80380160
111  13.48880429  144.80373599 53 102
111  13.48865736  144.80380573
112  13.48865736  144.80380573  13.48829940  144.80391508 53 102
115  13.48815250  144.80368949
120 TB
111  13.48688558  144.80094642 53 102
112  13.48696512  144.80076599  13.48704421  144.80070996
111  13.48696512  144.80076599 53 102
111  13.48721777  144.80062165 53 102
112  13.48751487  144.80070344  13.48763184  144.80084778
111  13.48751487  144.80070344 53 102
111  13.48772605  144.80105009 53 102
111  13.48789151  144.80132171 53 102
111  13.48846556  144.80260517 53 102
111  13.48871024  144.80315221 53 102
111  13.48805742  144.80267108
112  13.48805742  144.80267108  13.48780521  144.80248216 53 102
115  13.48731075  144.80189267
120 TB
111  13.48865284  144.80251500 53
111  13.48802116  144.80113243 53 102
111  13.48793578  144.80094555 53 102
111  13.48728485  144.79952084 53 102
111  13.48563459  144.79590887 53 102
111  13.48498167  144.79447980 53 102
111  13.48331987  144.79084258 53 102
111  13.48267891  144.78943968 53 102
111  13.47905154  144.78150035 53 102
112  13.47878119  144.78124171  13.47860543  144.78117303 53 102
111  13.47840587  144.78124054 53 102
115  13.47797207  144.78144273
120 TB
111  13.49105867  144.81105360 53 102
111  13.49096243  144.81172894 53 102
111  13.49124309  144.81234156 53 102
115  13.49157505  144.81217643
120 TB
111  13.49194046  144.81199240 53 102
111  13.49217918  144.81187596 53 102
111  13.49190612  144.81125652 53 102
115  13.49148153  144.81098871
120 TB
111  13.48135543  144.79732008 102
115  13.48196119  144.79701538
120 TB
111  13.48187890  144.79682871 102
111  13.48109402  144.79722425
112  13.48109402  144.79722425  13.48093376  144.79726985 102
111  13.48087405  144.79713999 102
115  13.48057979  144.79650083
120 RM
111  13.49313045  144.80711468 22
111  13.49339194  144.80696587
112  13.49339194  144.80696587  13.49342771  144.80690297 22
112  13.49367755  144.80677397  13.49381488  144.80678702 22
111  13.49387939  144.80693454 22
111  13.49400252  144.80715385 22
111  13.49407360  144.80740971 22
111  13.49494877  144.80906114 22
112  13.49492452  144.80925557  13.49484708  144.80932476
111  13.49492452  144.80925557 22
111  13.49365639  144.81001222
112  13.49365639  144.81001222  13.49350126  144.81007066 22
111  13.49342822  144.80996257 22
111  13.49318085  144.80945125 22
111  13.49306459  144.80931897 22
111  13.48959378  144.80274862
112  13.48959378  144.80274862  13.48953295  144.80261658 22
111  13.48943141  144.80254117 22
111  13.48918180  144.80235828
112  13.48918180  144.80235828  13.48906640  144.80227629 22
111  13.48898003  144.80212236 22
115  13.48766932  144.79921480
120 RM
111  13.48759386  144.79897974 20
112  13.48763985  144.79920955  13.48769152  144.79931868
111  13.48763985  144.79920955 20
111  13.48895590  144.80213522 20
112  13.48914869  144.80237179  13.48926293  144.80245130
111  13.48914869  144.80237179 20
111  13.48940646  144.80255855 20
112  13.48956052  144.80275391  13.48961822  144.80288326
111  13.48956052  144.80275391 20
111  13.49303122  144.80933634 20
111  13.49313680  144.80946072 20
111  13.49340468  144.80997541
112  13.49340468  144.80997541  13.49348609  144.81014600 20
111  13.49366522  144.81004902 20
111  13.49494038  144.80928425
112  13.49494038  144.80928425  13.49505696  144.80920606 20
111  13.49497852  144.80904332 20
111  13.49409696  144.80739726 20
111  13.49402730  144.80714840 20
111  13.49389570  144.80692551 20
112  13.49367803  144.80675073  13.49353459  144.80674029
111  13.49367803  144.80675073
112  13.49367803  144.80675073  13.49349156  144.80674342 20
111  13.49338377  144.80693909 20
111  13.49310840  144.80710531 20
111  13.49312037  144.80714533 20
111  13.49339980  144.80698434
112  13.49339980  144.80698434  13.49348612  144.80689558 20
112  13.49367628  144.80679173  13.49383115  144.80678259
111  13.49367628  144.80679173
112  13.49367628  144.80679173  13.49376387  144.80679564 20
111  13.49385849  144.80694929 20
111  13.49397944  144.80716564 20
111  13.49405424  144.80741928 20
111  13.49491810  144.80907743 20
112  13.49490666  144.80922677  13.49484753  144.80926673
111  13.49490666  144.80922677 20
111  13.49363228  144.80997433 20
112  13.49345553  144.80993862  13.49340484  144.80985174
111  13.49345553  144.80993862 20
111  13.49321278  144.80943571 20
111  13.49308740  144.80929151 20
111  13.48961480  144.80272058
112  13.48961480  144.80272058  13.48953864  144.80258054 20
111  13.48943535  144.80250144 20
111  13.48919032  144.80231776
112  13.48919032  144.80231776  13.48910262  144.80226436 20
111  13.48900303  144.80210909 20
111  13.48769507  144.79920446
112  13.48769507  144.79920446  13.48765179  144.79908671 20
115  13.48768833  144.79898758
21  13.47879094  144.78738419 2 64.8100 3.00 06R PAPI-4L
21  13.48049836  144.78654447 2 64.8100 3.00 06L PAPI-4L
21  13.48647943  144.80616143 2 244.8200 3.00 24L PAPI-4L
21  13.48945778  144.80802668 2 244.8200 3.00 24R PAPI-4L
20  13.48804317  144.80761150 244.8000 0 4 {@B}9{@@,@B}1
20  13.48692734  144.80517029 244.8000 0 4 {@B}8{@@,@B}2
20  13.48570832  144.80250473 244.8000 0 4 {@B}7{@@,@B}3
20  13.48454219  144.79995310 244.8000 0 4 {@B}6{@@,@B}4
20  13.48337144  144.79739579 244.8000 0 4 {@B}5{@@,@B}5
20  13.48220517  144.79484443 244.8000 0 4 {@B}4{@@,@B}6
20  13.48103570  144.79228895 244.8000 0 4 {@B}3{@@,@B}7
20  13.47986941  144.78973667 244.8000 0 4 {@B}2{@@,@B}8
20  13.47870246  144.78718566 244.8000 0 4 {@B}1{@@,@B}9
20  13.48902018  144.80709360 244.8000 0 4 {@B}10{@@,@B}2
20  13.48790435  144.80465239 244.8000 0 4 {@B}9{@@,@B}3
20  13.48668533  144.80198683 244.8000 0 4 {@B}8{@@,@B}4
20  13.48551920  144.79943520 244.8000 0 4 {@B}7{@@,@B}5
20  13.48434845  144.79687789 244.8000 0 4 {@B}6{@@,@B}6
20  13.48318218  144.79432653 244.8000 0 4 {@B}5{@@,@B}7
20  13.48201271  144.79177105 244.8000 0 4 {@B}4{@@,@B}8
20  13.48084642  144.78921877 244.8000 0 4 {@B}3{@@,@B}9
20  13.47967947  144.78666776 244.8000 0 4 {@B}2{@@,@B}10
20  13.47848645  144.78405909 244.8000 0 4 {@B}1{@@,@B}11
20  13.49082599  144.80905172 244.8000 0 4 {@B}11{@@,@B}1
20  13.48978074  144.80676856 244.8000 0 4 {@B}10{@@,@B}2
20  13.48866491  144.80432735 244.8000 0 4 {@B}9{@@,@B}3
20  13.48744589  144.80166180 244.8000 0 4 {@B}8{@@,@B}4
20  13.48627976  144.79911016 244.8000 0 4 {@B}7{@@,@B}5
20  13.48510901  144.79655285 244.8000 0 4 {@B}6{@@,@B}6
20  13.48394274  144.79400150 244.8000 0 4 {@B}5{@@,@B}7
20  13.48277327  144.79144602 244.8000 0 4 {@B}4{@@,@B}8
20  13.48160698  144.78889374 244.8000 0 4 {@B}3{@@,@B}9
20  13.48044003  144.78634272 244.8000 0 4 {@B}2{@@,@B}10
20  13.47924701  144.78373406 244.8000 0 4 {@B}1{@@,@B}11
20  13.47813889  144.78506167 151.8000 0 3 {@L}A{@R}24L-06R{@@,safety}{@L}A
20  13.47814410  144.78416803 331.8000 0 3 {@L}A{@R}06L-24R{@@,safety}{@L}A
20  13.47877997  144.78646692 151.8000 0 3 {@L}B{@R}24L-06R{@@,safety}{@L}B
20  13.47890024  144.78582139 331.8000 0 3 {@L}B{@R}06L-24R{@@,safety}{@L}B
20  13.48346756  144.79582766 331.8000 0 3 {@L}D{@R}06L-24R{@@,safety}{@L}D
20  13.48333820  144.79648041 151.8000 0 3 {@L}D{@R}24L-06R{@@,safety}{@L}D
20  13.48574480  144.80082055 331.8000 0 3 {@L}E{@R}06L-24R{@@,safety}{@L}E
20  13.48564070  144.80151436 151.8000 0 3 {@L}E{@R}24L-06R{@@,safety}{@L}E
20  13.48726355  144.80414387 331.8000 0 3 {@L}G{@R}06L-24R{@@,safety}{@L}G
20  13.48179424  144.79663268 331.8000 0 3 {@L}D{@R}06R-24L{@@,safety}{@L}D
20  13.48403896  144.80161709 331.8000 0 3 {@L}E{@R}06R-24L{@@,safety}{@L}E
20  13.48568790  144.80518657 331.8000 0 3 {@L}G{@R}06R-24L{@@,safety}{@L}G
20  13.48723099  144.80501143 151.8000 0 3 {@L}G{@R}24L-06R{@@,safety}{@L}G
20  13.48965164  144.80938296 331.8000 0 3 {@L}J{@R}06L-24R{@@,safety}{@L}J
20  13.48958433  144.81018381 151.8000 0 3 {@L}J{@R}24L{@@,safety}{@L}J
20  13.48849747  144.80287692 35.5500 0 3 {@L}F{@Y}K{^ru}
20  13.48844986  144.80356856 213.2900 0 3 {@L}F{@R}24R-06L{@@,safety}{@L}F
20  13.49222400  144.80964085 21.8000 0 3 {@L}J{@Y,^ld}K{^ru}
20  13.49140088  144.80997432 201.5700 0 3 {@L}J{@R}24R-06L{@@,safety}{@L}J
20  13.48872157  144.80366672 334.8000 0 3 {@L}G{@Y,^l}K{^ru}
20  13.48901443  144.80416253 154.8000 0 3 {@L}G{@R}24R-06L{@@,safety}{@L}G
20  13.48705856  144.80006696 334.8000 0 3 {@L}E{@Y,^l}K{^r}
20  13.48736777  144.80079192 154.8000 0 3 {@L}E{@R}24R-06L{@@,safety}{@L}E
20  13.48475395  144.79502955 334.8000 0 3 {@L}D{@Y,^l}K{^r}
20  13.48506316  144.79575451 154.8000 0 3 {@L}D{@R}24R-06L{@@,safety}{@L}D
20  13.48242953  144.78995818 334.8000 0 3 {@L}C{@Y,^l}K{^r}
20  13.48275358  144.79071112 154.8000 0 3 {@L}C{@R}24R-06L{@@,safety}{@L}C
20  13.47946272  144.78349151 334.8000 0 3 {@L}A{@Y,^l}K{^r}
20  13.48127409  144.78589336 244.8000 0 3 {@R}ILS{@@,critical}
20  13.47978678  144.78424446 154.8000 0 3 {@L}A{@R}24R-06L{@@,safety}{@L}A
20  13.47864373  144.78169587 180.0000 0 3 {@L}K{@R}06L{@@,safety}{@L}K
20  13.49320020  144.81071500 155.6300 0 3 {@Y,^lu}J{@L}K{@Y}K{^r}
20  13.49227051  144.80934755 64.8000 0 3 {@L}K{@Y}J{^rd}
20  13.48988708  144.80472406 244.8000 0 3 {@Y,^l}G{@L}K
20  13.48755742  144.80111940 244.8000 0 3 {@Y,^l}E{@L}K
20  13.48741314  144.79945244 64.8000 0 3 {@L}K{@Y}E{^r}
20  13.48525737  144.79608190 244.8000 0 3 {@Y,^l}D{@L}K
20  13.48511309  144.79441495 64.8000 0 3 {@L}K{@Y}D{^r}
20  13.48296041  144.79103455 244.8000 0 3 {@Y,^l}C{@L}K
20  13.48281613  144.78936759 64.8000 0 3 {@L}K{@Y}C{^r}
20  13.48002321  144.78458063 244.8000 0 3 {@Y,^l}A{@L}K
20  13.47994353  144.78299930 64.8000 0 3 {@L}K{@Y}A{^r}
20  13.48152093  144.79741519 154.8000 0 3 {@Y,^l}G{@L}D
20  13.48097322  144.79703925 334.8000 0 3 {@L}D{@Y}G{^r}
20  13.48104397  144.79776956 244.8000 0 3 {@L}G{@Y,^l}D{^r}
20  13.48334819  144.80283836 244.8000 0 3 {@L}G{@Y,^l}E{^r}
20  13.48338006  144.80178959 64.8000 0 3 {@L}G{@Y,^l}E{^r}
20  13.48301162  144.80219374 331.8000 0 3 {@L}E{@Y,^l}G{^r}
20  13.48374973  144.80243276 151.8000 0 3 {@L}E{@Y,^l}G{^r}
20  13.48888031  144.80965258 64.8000 0 3 {@Y,^l}J
20  13.48600050  144.80495592 64.8000 0 3 {@Y}G{^r}
20  13.48627206  144.80552030 244.8000 0 3 {@Y,^l}G
20  13.48687043  144.80526526 244.8000 0 3 {@Y}G{^r}
20  13.48651121  144.80443485 64.8000 0 3 {@Y,^l}G
20  13.48436364  144.80143631 64.8000 0 3 {@Y}E{^r}
20  13.48464419  144.80202838 244.8000 0 3 {@Y,^l}E
20  13.48529942  144.80177951 244.8000 0 3 {@Y}E{^r}
20  13.48497014  144.80104144 64.8000 0 3 {@Y,^l}E
20  13.48210266  144.79646820 64.8000 0 3 {@Y}D{^r}
20  13.48238320  144.79706027 244.8000 0 3 {@Y,^l}D
20  13.48303843  144.79681139 244.8000 0 3 {@Y}D{^r}
20  13.48270915  144.79607332 64.8000 0 3 {@Y,^l}D
20  13.47846351  144.78680618 244.8000 0 3 {@Y}B{^r}
20  13.47813423  144.78606811 64.8000 0 3 {@Y,^l}B
20  13.47781540  144.78537097 244.8000 0 3 {@Y}A{^r}
20  13.47834411  144.78191448 244.8000 0 3 {@Y}K{^r}
20  13.48244810  144.79091902 244.8000 0 3 {@Y}C{^r}
20  13.48205596  144.79007938 64.8000 0 3 {@Y,^l}C
20  13.47951443  144.78616350 244.8000 0 3 {@Y,^l}B
20  13.47922150  144.78550438 64.8000 0 3 {@Y}B{^r}
20  13.47889129  144.78479538 244.8000 0 3 {@Y,^l}A
20  13.47951658  144.78446574 244.8000 0 3 {@Y}A{^r}
20  13.47847127  144.78385235 64.8000 0 3 {@Y}A{^r}
20  13.47912444  144.78362610 64.8000 0 3 {@Y,^l}A
20  13.48413223  144.79622536 244.8000 0 3 {@Y,^l}D
20  13.48476081  144.79599391 244.8000 0 3 {@Y}D{^r}
20  13.48379452  144.79548887 64.8000 0 3 {@Y}D{^r}
20  13.48438513  144.79516104 64.8000 0 3 {@Y,^l}D
20  13.48643414  144.80123787 244.8000 0 3 {@Y,^l}E
20  13.48706272  144.80100642 244.8000 0 3 {@Y}E{^r}
20  13.48609643  144.80050138 64.8000 0 3 {@Y}E{^r}
20  13.48668705  144.80017355 64.8000 0 3 {@Y,^l}E
20  13.48804691  144.80476929 244.8000 0 3 {@Y,^l}G
20  13.48873396  144.80462340 244.8000 0 3 {@Y}G{^r}
20  13.48765074  144.80390561 64.8000 0 3 {@Y}G{^r}
20  13.48734200  144.80159594 64.8000 0 3 {@Y,^lu}F
20  13.48825934  144.80357546 64.8000 0 3 {@Y,^l}G
20  13.49038105  144.80991362 244.8000 0 3 {@Y,^l}J
20  13.48996038  144.80900516 64.8000 0 3 {@Y}J{^r}
20  13.49048191  144.80844277 64.8000 0 3 {@Y,^lu}J
20  13.48103043  144.79717509 244.8000 0 3 {hazard}
14  13.47897905  144.79695001 121.39 0 Tower Viewpoint
1300  13.47862329  144.78136361 -169.56 misc heavy|jets|turboprops|props Hold Short Rwy 06L
1301 F none 
1300  13.47804171  144.78466702 153.84 misc heavy|jets|turboprops|props Hold Short Rwy 06R
1301 F none 
1300  13.48949611  144.80981142 154.75 misc heavy|jets|turboprops|props Hold Short Rwy 24L
1301 F none 
1300  13.49156335  144.80967880 203.88 misc heavy|jets|turboprops|props Hold Short Rwy 24R
1301 E none 
1300  13.48960483  144.80219920  63.35 gate turboprops|props Commuter Terminal
1301 A airline 
1300  13.48975283  144.80212427  63.35 gate turboprops|props Commuter Terminal
1301 A airline 
1300  13.48989058  144.80205520  63.35 gate turboprops|props Commuter Terminal
1301 A airline 
1300  13.49071721  144.80357728 331.87 gate heavy|jets Gate 4
1301 F airline 
1300  13.49215218  144.80639672 331.87 gate heavy|jets Gate 9
1301 D airline 
1300  13.49186446  144.80581547 331.87 gate heavy|jets Gate 8
1301 D airline 
1300  13.49135465  144.80463735 331.87 gate heavy|jets Gate 6
1301 D airline 
1300  13.49264874  144.80707332 -30.04 gate heavy|jets Gate 10
1301 E airline 
1300  13.49416886  144.80863564 151.10 gate jets Gate 19
1301 C airline 
1300  13.49435780  144.80896735 -161.02 gate jets Gate 21
1301 C airline 
1300  13.49329716  144.80825306 -28.53 gate jets Gate 14
1301 C airline 
1300  13.49308131  144.80784938 -28.53 gate jets Gate 12
1301 C airline 
1300  13.49380769  144.80918908 290.95 gate jets Gate 18
1301 C airline 
1300  13.48037760  144.79984924 153.16 gate heavy|jets Hangers South
1301 C cargo 
1300  13.48061760  144.80046866 153.16 gate heavy|jets Hangers South
1301 D cargo 
1300  13.48214729  144.80351755 153.16 gate heavy|jets|turboprops|props Hangers South
1301 C general_aviation 
18  13.49382807  144.80654830 1 BCN
19  13.47856286  144.78544654 1 WS
19  13.48843081  144.80711962 1 WS
1050 119000 ATIS
1053 121900 GND
1054 118100 AGANA TWR
1055 118700 APP/DEP
1200 
1201  13.48279082  144.80261027 both 0 17_stop
1201  13.48006015  144.79784181 both 1 16_stop
1201  13.48108149  144.79734112 both 2 15_stop
1201  13.48453485  144.80498340 both 3 15_stop
1201  13.48333732  144.80233352 both 4 unnamed entity(split)
1201  13.48462052  144.80513441 both 5 15_stop
1201  13.48478776  144.80532737 both 6 15_stop
1201  13.48496317  144.80546161 both 7 15_stop
1201  13.48517529  144.80553711 both 8 15_stop
1201  13.48545675  144.80555809 both 9 15_stop
1201  13.48561584  144.80551614 both 10 15_stop
1201  13.49436757  144.80723496 both 11 14_stop
1201  13.49531912  144.80904352 both 12 14_stop
1201  13.49535689  144.80921346 both 13 14_stop
1201  13.49534745  144.80934698 both 14 14_stop
1201  13.49528843  144.80948535 both 15 14_stop
1201  13.49516332  144.80961402 both 16 14_stop
1201  13.49368965  144.81047826 both 17 14_stop
1201  13.49357398  144.81050982 both 18 14_stop
1201  13.49345830  144.81051953 both 19 14_stop
1201  13.49269921  144.80963383 both 20 13_stop
1201  13.49264256  144.80980862 both 21 13_stop
1201  13.49246976  144.80994262 both 22 13_stop
1201  13.49334509  144.81049321 both 23 12_stop
1201  13.48920095  144.80377366 both 24 7_stop
1201  13.48907505  144.80378378 both 25 7_stop
1201  13.49315974  144.81032441 both 26 6_stop
1201  13.49006979  144.80448276 both 27 6_stop
1201  13.49266805  144.80940078 both 28 unnamed entity(split)
1201  13.48989438  144.80426044 both 29 6_stop
1201  13.48938397  144.80382162 both 30 6_stop
1201  13.48906443  144.80340913 both 31 6_stop
1201  13.48883328  144.80306305 both 32 6_stop
1201  13.48861912  144.80266105 both 33 6_stop
1201  13.48911511  144.80998979 both 34 06R/24L-5_stop
1201  13.48892134  144.81001426 both 35 06R/24L-5_stop
1201  13.48874798  144.80995833 both 36 06R/24L-5_stop
1201  13.48712636  144.80465889 both 37 06R/24L-4_stop
1201  13.48676739  144.80483927 both 38 06R/24L-4_stop
1201  13.48574759  144.80546430 both 39 06R/24L-4_start
1201  13.48555333  144.80122839 both 40 06R/24L-3_stop
1201  13.48412365  144.80193533 both 41 06R/24L-3_start
1201  13.48482725  144.80158742 both 42 unnamed entity(split)
1201  13.48326161  144.79623524 both 43 06R/24L-2_stop
1201  13.48188752  144.79693810 both 44 06R/24L-2_start
1201  13.48254708  144.79660073 both 45 unnamed entity(split)
1201  13.47726538  144.78504976 both 46 06L-ILS_stop
1201  13.48858630  144.80980837 both 47 06L-ILS_start
1201  13.48644105  144.80511613 both 48 unnamed entity(split)
1201  13.47875052  144.78139751 both 49 06L-ILS_stop
1201  13.47888035  144.78148247 both 50 06L-ILS_stop
1201  13.47898265  144.78160587 both 51 06L-ILS_stop
1201  13.48102224  144.78606598 both 52 06L-ILS_start
1201  13.48290820  144.79018543 both 53 unnamed entity(split)
1201  13.48521799  144.79524241 both 54 unnamed entity(split)
1201  13.48752166  144.80027036 both 55 unnamed entity(split)
1201  13.47994293  144.78370786 both 56 unnamed entity(split)
1201  13.49164168  144.81129798 both 57 06L/24R-10_stop
1201  13.49178899  144.81137664 both 58 06L/24R-10_stop
1201  13.49188814  144.81152812 both 59 06L/24R-10_stop
1201  13.49192213  144.81168543 both 60 06L/24R-10_stop
1201  13.49187964  144.81187478 both 61 06L/24R-10_stop
1201  13.49178616  144.81197383 both 62 06L/24R-10_stop
1201  13.49159636  144.81202335 both 63 06L/24R-10_stop
1201  13.49143206  144.81201753 both 64 06L/24R-10_stop
1201  13.49127909  144.81193305 both 65 06L/24R-10_stop
1201  13.49121677  144.81179613 both 66 06L/24R-10_stop
1201  13.49120544  144.81152521 both 67 06L/24R-10_stop
1201  13.49088450  144.81001877 both 68 06L/24R-10_stop
1201  13.49095532  144.80977989 both 69 06L/24R-10_stop
1201  13.49112812  144.80963423 both 70 06L/24R-10_stop
1201  13.48974823  144.80968810 both 71 06L/24R-9_start
1201  13.49146131  144.80963327 both 72 06L/24R-8_stop
1201  13.49221481  144.80997758 both 73 unnamed entity(split)
1201  13.49069929  144.80929535 both 74 06L/24R-8_stop
1201  13.49137740  144.80959345 both 75 unnamed entity(split)
1201  13.49054632  144.80919921 both 76 06L/24R-8_stop
1201  13.48894844  144.80385066 both 77 06L/24R-7_stop
1201  13.48737795  144.80453441 both 78 06L/24R-7_start
1201  13.48868071  144.80331671 both 79 06L/24R-6_stop
1201  13.48807373  144.80287373 both 80 06L/24R-6_stop
1201  13.48763807  144.80249620 both 81 06L/24R-6_stop
1201  13.48726151  144.80204720 both 82 06L/24R-6_stop
1201  13.48726783  144.80040278 both 83 06L/24R-5_stop
1201  13.48581630  144.80109615 both 84 06L/24R-5_start
1201  13.48496163  144.79536457 both 85 06L/24R-4_stop
1201  13.48355162  144.79608713 both 86 06L/24R-4_start
1201  13.48263096  144.79033046 both 87 06L/24R-3_stop
1201  13.47829093  144.78453996 both 88 06L/24R-2_stop
1201  13.47968200  144.78383832 both 89 06L/24R-2_start
1201  13.47853859  144.78136161 both 90 06L/24R-1_stop
1201  13.47817505  144.78151211 both 91 06L/24R-1_stop
1201  13.47805230  144.78160193 both 92 06L/24R-1_stop
1201  13.47798148  144.78175243 both 93 06L/24R-1_stop
1201  13.47787713  144.78173287 both 94 06L/24R_stop
1201  13.49150832  144.81155271 both 95 06L/24R_start
1201  13.49138107  144.81124555 both 96 unnamed entity(split)
1201  13.49126493  144.81102415 both 97 unnamed entity(split)
1201  13.49091849  144.81026056 both 98 unnamed entity(split)
1201  13.49049107  144.80932313 both 99 unnamed entity(split)
1201  13.49030270  144.80891081 both 100 unnamed entity(split)
1201  13.48814625  144.80419991 both 101 unnamed entity(split)
1201  13.48692512  144.80152931 both 102 unnamed entity(split)
1201  13.48656672  144.80073769 both 103 unnamed entity(split)
1201  13.48427290  144.79571751 both 104 unnamed entity(split)
1201  13.48195696  144.79064893 both 105 unnamed entity(split)
1201  13.47899374  144.78418547 both 106 unnamed entity(split)
1201  13.47797440  144.78195634 both 107 unnamed entity(split)
1201  13.48149564  144.80115689 both 108 5_stop
1201  13.48142285  144.80112655 both 109 5_stop
1201  13.48142285  144.80109014 both 110 5_stop
1201  13.48143859  144.80103349 both 111 5_stop
1201  13.48136674  144.80113331 both 112 5_stop
1201  13.48044884  144.80155909 both 113 5_stop
1201  13.48037272  144.80157459 both 114 5_stop
1201  13.48025917  144.80157923 both 115 5_stop
1201  13.48014423  144.80155549 both 116 5_stop
1201  13.48004925  144.80149408 both 117 5_stop
1201  13.47941507  144.80006074 both 118 5_start
1201  13.48341327  144.80529510 both 119 4_stop
1201  13.47860756  144.79478930 both 120 4_start
1201  13.48140711  144.80091616 both 121 unnamed entity(split)
1201  13.48155859  144.80124590 both 122 unnamed entity(split)
1201  13.48837139  144.80071613 both 123 3_stop
1201  13.48838232  144.80065853 both 124 3_stop
1201  13.48836866  144.80063746 both 125 3_stop
1201  13.48831811  144.80062341 both 126 3_stop
1201  13.48764615  144.79769798 both 127 3_stop
1201  13.48763362  144.79761954 both 128 3_stop
1201  13.48760858  144.79762306 both 129 3_stop
1201  13.48794353  144.79715819 both 130 3_stop
1201  13.48796962  144.79714599 both 131 3_stop
1201  13.48842150  144.80062514 both 132 3_stop
1201  13.48910259  144.80030944 both 133 3_stop
1201  13.48914487  144.80026678 both 134 3_stop
1201  13.48917229  144.80020946 both 135 3_stop
1201  13.48916578  144.80013676 both 136 3_stop
1201  13.48893014  144.79964605 both 137 3_stop
1201  13.48893161  144.79957772 both 138 3_stop
1201  13.48894914  144.79950843 both 139 3_stop
1201  13.48893037  144.79943226 both 140 3_stop
1201  13.48863152  144.79876137 both 141 3_stop
1201  13.48862649  144.79865657 both 142 3_stop
1201  13.48862128  144.79870565 both 143 unnamed entity(split)
1201  13.48876625  144.79852141 both 144 3_stop
1201  13.48880814  144.79846485 both 145 3_stop
1201  13.48881397  144.79839666 both 146 3_stop
1201  13.48846332  144.79764704 both 147 3_stop
1201  13.48839494  144.79757723 both 148 3_stop
1201  13.48821976  144.79750864 both 149 3_stop
1201  13.48831949  144.79753501 both 150 unnamed entity(split)
1201  13.48807082  144.79737161 both 151 3_stop
1201  13.48812824  144.79746125 both 152 unnamed entity(split)
1201  13.48799489  144.79720034 both 153 3_start
1201  13.49319508  144.80707752 both 154 2_stop
1201  13.49339713  144.80696688 both 155 2_stop
1201  13.49341762  144.80692942 both 156 2_stop
1201  13.49345405  144.80688376 both 157 2_stop
1201  13.49350869  144.80683459 both 158 2_stop
1201  13.49356675  144.80679479 both 159 2_stop
1201  13.49362368  144.80677722 both 160 2_stop
1201  13.49367604  144.80677254 both 161 2_stop
1201  13.49372727  144.80678542 both 162 2_stop
1201  13.49379216  144.80682171 both 163 2_stop
1201  13.49383998  144.80686854 both 164 2_stop
1201  13.49387982  144.80693293 both 165 2_stop
1201  13.49400258  144.80715005 both 166 2_stop
1201  13.49407144  144.80740900 both 167 2_stop
1201  13.49495930  144.80908530 both 168 2_stop
1201  13.49496717  144.80914195 both 169 2_stop
1201  13.49495537  144.80920871 both 170 2_stop
1201  13.49492389  144.80925726 both 171 2_stop
1201  13.49365789  144.81001590 both 172 2_stop
1201  13.49360871  144.81002804 both 173 2_stop
1201  13.49355560  144.81002601 both 174 2_stop
1201  13.49349265  144.81001185 both 175 2_stop
1201  13.49342970  144.80995925 both 176 2_stop
1201  13.49318380  144.80944945 both 177 2_stop
1201  13.49306380  144.80931593 both 178 2_stop
1201  13.48960066  144.80274358 both 179 2_stop
1201  13.48954754  144.80266468 both 180 2_stop
1201  13.48948656  144.80259590 both 181 2_stop
1201  13.48943672  144.80253928 both 182 2_stop
1201  13.48918857  144.80235051 both 183 2_stop
1201  13.48911378  144.80229108 both 184 2_stop
1201  13.48902880  144.80220369 both 185 2_stop
1201  13.48897301  144.80211280 both 186 2_stop
1201  13.48766990  144.79921392 both 187 2_stop
1201  13.48828533  144.80057846 both 188 unnamed entity(split)
1201  13.48837412  144.80078357 both 189 unnamed entity(split)
1201  13.48764071  144.79908458 both 190 2_stop
1201  13.48763731  144.79897621 both 191 2_stop
1201  13.48769170  144.79875248 both 192 2_stop
1201  13.48780866  144.79839191 both 193 2_stop
1201  13.48782282  144.79827247 both 194 2_stop
1201  13.48781149  144.79815595 both 195 2_stop
1201  13.48778033  144.79802777 both 196 2_stop
1201  13.48662023  144.79558657 both 197 2_stop
1201  13.48757670  144.79759964 both 198 unnamed entity(split)
1201  13.48765298  144.79776003 both 199 unnamed entity(split)
1201  13.48658624  144.79550209 both 200 2_stop
1201  13.48658907  144.79541761 both 201 2_stop
1201  13.48663723  144.79536809 both 202 2_stop
1201  13.48760454  144.79718533 both 203 2_stop
1201  13.48661279  144.79505811 both 204 2_start
1201  13.48672480  144.79533163 both 205 unnamed entity(split)
1201  13.48765532  144.79758269 both 206 1_stop
1201  13.48768325  144.79749639 both 207 1_stop
1201  13.48763832  144.79739334 both 208 1_stop
1201  13.48763266  144.79731177 both 209 1_stop
1201  13.48767232  144.79725059 both 210 1_stop
1201  13.48822188  144.79699424 both 211 1_stop
1201  13.48802733  144.79708502 both 212 unnamed entity(split)
1201  13.48786210  144.79716144 both 213 unnamed entity(split)
1201  13.48830119  144.79689811 both 214 1_stop
1201  13.48831819  144.79680780 both 215 1_stop
1201  13.48830403  144.79670876 both 216 1_stop
1201  13.48733474  144.79466125 both 217 1_start
1201  13.47862329  144.78136361 both 218 Hold Short Rwy 06L
1201  13.47804171  144.78466702 both 219 Hold Short Rwy 06R
1201  13.48949611  144.80981142 both 220 Hold Short Rwy 24L
1202 41 4 twoway taxiway_D 17
1202 4 0 twoway taxiway_D 17
1202 44 2 twoway taxiway_D 16
1202 2 1 twoway taxiway_D 16
1202 3 4 twoway taxiway_D 15
1202 4 2 twoway taxiway_D 15
1202 5 3 twoway taxiway_D 15
1202 6 5 twoway taxiway_D 15
1202 7 6 twoway taxiway_D 15
1202 8 7 twoway taxiway_D 15
1202 9 8 twoway taxiway_D 15
1202 10 9 twoway taxiway_D 15
1202 39 10 twoway taxiway_D 15
1202 12 11 twoway taxiway_C 14
1202 13 12 twoway taxiway_C 14
1202 14 13 twoway taxiway_C 14
1202 15 14 twoway taxiway_C 14
1202 16 15 twoway taxiway_C 14
1202 17 16 twoway taxiway_C 14
1202 18 17 twoway taxiway_C 14
1202 19 18 twoway taxiway_C 14
1202 23 19 twoway taxiway_C 14
1202 20 28 twoway taxiway_F 13
1202 21 20 twoway taxiway_F 13
1202 22 21 twoway taxiway_F 13
1202 73 22 twoway taxiway_F 13
1202 26 23 twoway taxiway_F 12
1202 72 73 twoway taxiway_F 12
1202 73 23 twoway taxiway_F 12
1202 87 53 twoway taxiway_F 11
1202 85 54 twoway taxiway_F 10
1202 83 55 twoway taxiway_F 9
1202 79 30 twoway taxiway_F 8
1202 24 30 twoway taxiway_F 7
1202 25 24 twoway taxiway_F 7
1202 77 25 twoway taxiway_F 7
1202 27 28 twoway taxiway_F 6
1202 28 26 twoway taxiway_F 6
1202 29 27 twoway taxiway_F 6
1202 30 29 twoway taxiway_F 6
1202 31 30 twoway taxiway_F 6
1202 32 31 twoway taxiway_F 6
1202 33 32 twoway taxiway_F 6
1202 52 53 twoway taxiway_F 6
1202 53 54 twoway taxiway_F 6
1202 54 55 twoway taxiway_F 6
1202 55 33 twoway taxiway_F 6
1202 219 88 twoway taxiway_F 5
1202 43 86 twoway taxiway_F 4
1202 40 84 twoway taxiway_F 3
1202 37 78 twoway taxiway_F 2
1202 220 71 twoway taxiway_F 1
1202 34 220 twoway taxiway_F 06R/24L-5
1204 departure 06R,24L
1204 arrival 06R,24L
1202 35 34 twoway taxiway_F 06R/24L-5
1204 departure 06R,24L
1204 arrival 06R,24L
1202 36 35 twoway taxiway_F 06R/24L-5
1204 departure 06R,24L
1204 arrival 06R,24L
1202 47 36 twoway taxiway_F 06R/24L-5
1204 departure 06R,24L
1204 arrival 06R,24L
1202 38 37 twoway taxiway_F 06R/24L-4
1204 departure 06R,24L
1204 arrival 06R,24L
1202 48 38 twoway taxiway_F 06R/24L-4
1204 departure 06R,24L
1204 arrival 06R,24L
1202 39 48 twoway taxiway_F 06R/24L-4
1204 departure 06R,24L
1204 arrival 06R,24L
1202 41 42 twoway taxiway_F 06R/24L-3
1204 departure 06R,24L
1204 arrival 06R,24L
1202 42 40 twoway taxiway_F 06R/24L-3
1204 departure 06R,24L
1204 arrival 06R,24L
1202 44 45 twoway taxiway_F 06R/24L-2
1204 departure 06R,24L
1204 arrival 06R,24L
1202 45 43 twoway taxiway_F 06R/24L-2
1204 departure 06R,24L
1204 arrival 06R,24L
1202 219 46 twoway taxiway_F 06R/24L-1
1204 departure 06R,24L
1204 arrival 06R,24L
1202 47 48 twoway runway 06R/24L
1204 departure 06R,24L
1204 arrival 06R,24L
1204 ils 06R,24L
1202 48 42 twoway runway 06R/24L
1204 departure 06R,24L
1204 arrival 06R,24L
1204 ils 06R,24L
1202 42 45 twoway runway 06R/24L
1204 departure 06R,24L
1204 arrival 06R,24L
1204 ils 06R,24L
1202 45 46 twoway runway 06R/24L
1204 departure 06R,24L
1204 arrival 06R,24L
1204 ils 06R,24L
1202 89 56 twoway taxiway_F 06L-ILS
1204 ils 06L
1202 218 90 twoway taxiway_F 06L-ILS
1204 ils 06L
1202 49 218 twoway taxiway_F 06L-ILS
1204 ils 06L
1202 50 49 twoway taxiway_F 06L-ILS
1204 ils 06L
1202 51 50 twoway taxiway_F 06L-ILS
1204 ils 06L
1202 52 56 twoway taxiway_F 06L-ILS
1204 ils 06L
1202 56 51 twoway taxiway_F 06L-ILS
1204 ils 06L
1202 57 96 oneway taxiway_F 06L/24R-10
1204 departure 06L,24R
1204 arrival 06L,24R
1202 58 57 oneway taxiway_F 06L/24R-10
1204 departure 06L,24R
1204 arrival 06L,24R
1202 59 58 oneway taxiway_F 06L/24R-10
1204 departure 06L,24R
1204 arrival 06L,24R
1202 60 59 oneway taxiway_F 06L/24R-10
1204 departure 06L,24R
1204 arrival 06L,24R
1202 61 60 oneway taxiway_F 06L/24R-10
1204 departure 06L,24R
1204 arrival 06L,24R
1202 62 61 oneway taxiway_F 06L/24R-10
1204 departure 06L,24R
1204 arrival 06L,24R
1202 63 62 oneway taxiway_F 06L/24R-10
1204 departure 06L,24R
1204 arrival 06L,24R
1202 64 63 oneway taxiway_F 06L/24R-10
1204 departure 06L,24R
1204 arrival 06L,24R
1202 65 64 oneway taxiway_F 06L/24R-10
1204 departure 06L,24R
1204 arrival 06L,24R
1202 66 65 oneway taxiway_F 06L/24R-10
1204 departure 06L,24R
1204 arrival 06L,24R
1202 67 66 oneway taxiway_F 06L/24R-10
1204 departure 06L,24R
1204 arrival 06L,24R
1202 97 67 oneway taxiway_F 06L/24R-10
1204 departure 06L,24R
1204 arrival 06L,24R
1202 68 98 oneway taxiway_F 06L/24R-10
1204 departure 06L,24R
1204 arrival 06L,24R
1202 69 68 oneway taxiway_F 06L/24R-10
1204 departure 06L,24R
1204 arrival 06L,24R
1202 70 69 oneway taxiway_F 06L/24R-10
1204 departure 06L,24R
1204 arrival 06L,24R
1202 75 70 oneway taxiway_F 06L/24R-10
1204 departure 06L,24R
1204 arrival 06L,24R
1202 99 74 twoway taxiway_F 06L/24R-9
1204 departure 06L,24R
1204 arrival 06L,24R
1202 71 99 twoway taxiway_F 06L/24R-9
1204 departure 06L,24R
1204 arrival 06L,24R
1202 74 75 twoway taxiway_F 06L/24R-8
1204 departure 06L,24R
1204 arrival 06L,24R
1202 75 72 twoway taxiway_F 06L/24R-8
1204 departure 06L,24R
1204 arrival 06L,24R
1202 76 74 twoway taxiway_F 06L/24R-8
1204 departure 06L,24R
1204 arrival 06L,24R
1202 100 76 twoway taxiway_F 06L/24R-8
1204 departure 06L,24R
1204 arrival 06L,24R
1202 78 101 twoway taxiway_F 06L/24R-7
1204 departure 06L,24R
1204 arrival 06L,24R
1202 101 77 twoway taxiway_F 06L/24R-7
1204 departure 06L,24R
1204 arrival 06L,24R
1202 80 79 twoway taxiway_F 06L/24R-6
1204 departure 06L,24R
1204 arrival 06L,24R
1202 81 80 twoway taxiway_F 06L/24R-6
1204 departure 06L,24R
1204 arrival 06L,24R
1202 82 81 twoway taxiway_F 06L/24R-6
1204 departure 06L,24R
1204 arrival 06L,24R
1202 102 82 twoway taxiway_F 06L/24R-6
1204 departure 06L,24R
1204 arrival 06L,24R
1202 84 103 twoway taxiway_F 06L/24R-5
1204 departure 06L,24R
1204 arrival 06L,24R
1202 103 83 twoway taxiway_F 06L/24R-5
1204 departure 06L,24R
1204 arrival 06L,24R
1202 86 104 twoway taxiway_F 06L/24R-4
1204 departure 06L,24R
1204 arrival 06L,24R
1202 104 85 twoway taxiway_F 06L/24R-4
1204 departure 06L,24R
1204 arrival 06L,24R
1202 105 87 twoway taxiway_F 06L/24R-3
1204 departure 06L,24R
1204 arrival 06L,24R
1202 89 106 twoway taxiway_F 06L/24R-2
1204 departure 06L,24R
1204 arrival 06L,24R
1202 106 88 twoway taxiway_F 06L/24R-2
1204 departure 06L,24R
1204 arrival 06L,24R
1202 91 90 twoway taxiway_F 06L/24R-1
1204 departure 06L,24R
1204 arrival 06L,24R
1202 92 91 twoway taxiway_F 06L/24R-1
1204 departure 06L,24R
1204 arrival 06L,24R
1202 93 92 twoway taxiway_F 06L/24R-1
1204 departure 06L,24R
1204 arrival 06L,24R
1202 107 93 twoway taxiway_F 06L/24R-1
1204 departure 06L,24R
1204 arrival 06L,24R
1202 95 96 twoway runway 06L/24R
1204 departure 06L,24R
1204 arrival 06L,24R
1204 ils 06L,24R
1202 96 97 twoway runway 06L/24R
1204 departure 06L,24R
1204 arrival 06L,24R
1204 ils 06L,24R
1202 97 98 twoway runway 06L/24R
1204 departure 06L,24R
1204 arrival 06L,24R
1204 ils 06L,24R
1202 98 99 twoway runway 06L/24R
1204 departure 06L,24R
1204 arrival 06L,24R
1204 ils 06L,24R
1202 99 100 twoway runway 06L/24R
1204 departure 06L,24R
1204 arrival 06L,24R
1204 ils 06L,24R
1202 100 101 twoway runway 06L/24R
1204 departure 06L,24R
1204 arrival 06L,24R
1204 ils 06L,24R
1202 101 102 twoway runway 06L/24R
1204 departure 06L,24R
1204 arrival 06L,24R
1204 ils 06L,24R
1202 102 103 twoway runway 06L/24R
1204 departure 06L,24R
1204 arrival 06L,24R
1204 ils 06L,24R
1202 103 104 twoway runway 06L/24R
1204 departure 06L,24R
1204 arrival 06L,24R
1204 ils 06L,24R
1202 104 105 twoway runway 06L/24R
1204 departure 06L,24R
1204 arrival 06L,24R
1204 ils 06L,24R
1202 105 106 twoway runway 06L/24R
1204 departure 06L,24R
1204 arrival 06L,24R
1204 ils 06L,24R
1202 106 107 twoway runway 06L/24R
1204 departure 06L,24R
1204 arrival 06L,24R
1204 ils 06L,24R
1202 107 94 twoway runway 06L/24R
1204 departure 06L,24R
1204 arrival 06L,24R
1204 ils 06L,24R
1206 108 122 twoway  5
1206 109 108 twoway  5
1206 112 109 twoway  5
1206 110 112 twoway  5
1206 111 110 twoway  5
1206 121 111 twoway  5
1206 113 112 twoway  5
1206 114 113 twoway  5
1206 115 114 twoway  5
1206 116 115 twoway  5
1206 117 116 twoway  5
1206 118 117 twoway  5
1206 120 121 twoway  4
1206 121 122 twoway  4
1206 122 119 twoway  4
1206 123 189 twoway  3
1206 124 123 twoway  3
1206 132 124 twoway  3
1206 125 132 twoway  3
1206 126 125 twoway  3
1206 188 126 twoway  3
1206 127 199 twoway  3
1206 206 127 twoway  3
1206 129 128 twoway  3
1206 128 206 twoway  3
1206 198 129 twoway  3
1206 130 213 twoway  3
1206 153 130 twoway  3
1206 131 153 twoway  3
1206 212 131 twoway  3
1206 133 132 twoway  3
1206 134 133 twoway  3
1206 135 134 twoway  3
1206 136 135 twoway  3
1206 137 136 twoway  3
1206 138 137 twoway  3
1206 139 138 twoway  3
1206 140 139 twoway  3
1206 141 140 twoway  3
1206 142 143 twoway  3
1206 143 141 twoway  3
1206 144 142 twoway  3
1206 145 144 twoway  3
1206 146 145 twoway  3
1206 147 146 twoway  3
1206 148 147 twoway  3
1206 149 150 twoway  3
1206 150 148 twoway  3
1206 151 152 twoway  3
1206 152 149 twoway  3
1206 153 151 twoway  3
1206 155 154 twoway  2
1206 156 155 twoway  2
1206 157 156 twoway  2
1206 158 157 twoway  2
1206 159 158 twoway  2
1206 160 159 twoway  2
1206 161 160 twoway  2
1206 162 161 twoway  2
1206 163 162 twoway  2
1206 164 163 twoway  2
1206 165 164 twoway  2
1206 166 165 twoway  2
1206 167 166 twoway  2
1206 168 167 twoway  2
1206 169 168 twoway  2
1206 170 169 twoway  2
1206 171 170 twoway  2
1206 172 171 twoway  2
1206 173 172 twoway  2
1206 174 173 twoway  2
1206 175 174 twoway  2
1206 176 175 twoway  2
1206 177 176 twoway  2
1206 178 177 twoway  2
1206 179 178 twoway  2
1206 180 179 twoway  2
1206 181 180 twoway  2
1206 182 181 twoway  2
1206 183 182 twoway  2
1206 184 183 twoway  2
1206 185 184 twoway  2
1206 186 185 twoway  2
1206 187 188 twoway  2
1206 188 189 twoway  2
1206 189 186 twoway  2
1206 190 187 twoway  2
1206 191 190 twoway  2
1206 192 191 twoway  2
1206 193 192 twoway  2
1206 194 193 twoway  2
1206 195 194 twoway  2
1206 196 195 twoway  2
1206 197 198 twoway  2
1206 198 199 twoway  2
1206 199 196 twoway  2
1206 200 197 twoway  2
1206 201 200 twoway  2
1206 202 201 twoway  2
1206 205 202 twoway  2
1206 203 209 twoway  2
1206 204 205 twoway  2
1206 205 203 twoway  2
1206 207 206 twoway  1
1206 208 207 twoway  1
1206 209 208 twoway  1
1206 210 209 twoway  1
1206 211 212 twoway  1
1206 212 213 twoway  1
1206 213 210 twoway  1
1206 214 211 twoway  1
1206 215 214 twoway  1
1206 216 215 twoway  1
1206 217 216 twoway  1
99
